date,total_vax_today,first_dose_today,second_dose_today,cumulative_vax,cumulative_vax_first_dose,cumulative_vax_sec_dose,cvc_count,aefi_cases,vax_wastage
2021-09-22,,,264312,,,,,4376.0,
2021-09-21,895357.0,637727.0,257630,51717266.0,36735144.0,14982122.0,,4315.0,-7.0
2021-09-20,,,62659,,,,,4275.0,
2021-09-19,,,339031,,,,,4274.0,
2021-09-18,404924.0,249452.0,155472,49281189.0,34958387.0,14322802.0,,4240.0,-7.0
2021-09-17,,,202677,,,,,4146.0,
2021-09-16,409353.0,199898.0,209455,48479179.0,34514526.0,13964653.0,,4030.0,-7.0
2021-09-15,363333.0,222247.0,141086,48069826.0,34314628.0,13755198.0,,4030.0,-7.0
2021-09-14,448662.0,289989.0,158673,47706493.0,34092381.0,13614112.0,,3993.0,-7.0
2021-09-13,183858.0,143913.0,39945,47257831.0,33802392.0,13455439.0,,3928.0,-7.0
2021-09-12,,,189463,,,,,3925.0,
2021-09-11,747904.0,519005.0,228899,46505609.0,33279578.0,13226031.0,,3907.0,-7.0
2021-09-10,499781.0,339129.0,160652,45757705.0,32760573.0,12997132.0,,3848.0,-7.0
2021-09-09,695650.0,499681.0,195969,45257924.0,32421444.0,12836480.0,,3818.0,-7.0
2021-09-08,560553.0,380901.0,179652,44562274.0,31921763.0,12640511.0,,3796.0,-7.0
2021-09-07,704874.0,489969.0,214905,44001721.0,31540862.0,12460859.0,,3769.0,-7.0
2021-09-06,197059.0,129971.0,67088,43296847.0,31050893.0,12245954.0,,3652.0,-7.0
2021-09-05,,,145988,,,,,3652.0,
2021-09-04,543871.0,373995.0,169876,42699804.0,30666926.0,12032878.0,,3652.0,-7.0
2021-09-03,608700.0,440447.0,168253,42155933.0,30292931.0,11863002.0,,3616.0,-7.0
2021-09-02,487968.0,338999.0,148969,41547233.0,29852484.0,11694749.0,,3616.0,-7.0
2021-09-01,1247267.0,957497.0,289770,41059265.0,29513485.0,11545780.0,,3587.0,-7.0
2021-08-31,398358.0,271315.0,127043,39811998.0,28555988.0,11256010.0,,3510.0,-7.0
2021-08-30,293495.0,216106.0,77389,39413640.0,28284673.0,11128967.0,,3472.0,-7.0
2021-08-29,505172.0,319449.0,185723,39120145.0,28068567.0,11051578.0,,3381.0,-7.0
2021-08-28,556573.0,343691.0,212882,38614973.0,27749118.0,10865855.0,,3350.0,-7.0
2021-08-27,438782.0,278628.0,160154,38058400.0,27405427.0,10652973.0,,3279.0,-7.0
2021-08-25,452793.0,270896.0,181897,37149687.0,26843631.0,10306056.0,,3186.0,-7.0
2021-08-24,519250.0,310430.0,208820,36696894.0,26572735.0,10124159.0,,3148.0,-7.0
2021-08-23,98579.0,63898.0,34681,36177644.0,26262305.0,9915339.0,,3110.0,-7.0
2021-08-22,,,132964,,,,,3091.0,
2021-08-21,202730.0,138994.0,63736,35700105.0,25952411.0,9747694.0,,3062.0,-7.0
2021-08-20,292768.0,217985.0,74783,35497375.0,25813417.0,9683958.0,,3019.0,-7.0
2021-08-19,,,77380,,,,,2967.0,
2021-08-18,349079.0,279975.0,69104,34931229.0,25399434.0,9531795.0,,2867.0,-7.0
2021-08-17,357544.0,289998.0,67546,34582150.0,25119459.0,9462691.0,,2773.0,-7.0
2021-08-16,67217.0,61298.0,5919,34224606.0,24829461.0,9395145.0,,2740.0,-7.0
2021-08-15,,,50944,,,,,2676.0,
2021-08-14,445166.0,386925.0,58241,33766547.0,24428265.0,9338282.0,,2637.0,-7.0
2021-08-13,340072.0,288874.0,51198,33321381.0,24041340.0,9280041.0,,2604.0,-7.0
2021-08-12,299872.0,255895.0,43977,32981309.0,23752466.0,9228843.0,,2576.0,-7.0
2021-08-11,349335.0,298857.0,50478,32681437.0,23496571.0,9184866.0,,2558.0,-7.0
2021-08-10,294212.0,239885.0,54327,32332102.0,23197714.0,9134388.0,,2512.0,-7.0
2021-08-09,97755.0,87780.0,9975,32037890.0,22957829.0,9080061.0,,2475.0,-7.0
2021-08-08,271896.0,219927.0,51969,31940135.0,22870049.0,9070086.0,,2461.0,-7.0
2021-08-07,391898.0,336896.0,55002,31668239.0,22650122.0,9018117.0,,2442.0,-7.0
2021-08-06,409863.0,339911.0,69952,31276341.0,22313226.0,8963115.0,,2403.0,-7.0
2021-08-05,299805.0,239891.0,59914,30866478.0,21973315.0,8893163.0,,2384.0,-7.0
2021-08-04,478394.0,388408.0,89986,30566673.0,21733424.0,8833249.0,,2372.0,-7.0
2021-08-03,480089.0,388923.0,91166,30088279.0,21345016.0,8743263.0,,2362.0,-7.0
2021-08-02,271835.0,187252.0,84583,29608190.0,20956093.0,8652097.0,,2342.0,-7.0
2021-08-01,371595.0,293409.0,78186,29336355.0,20768841.0,8567514.0,,2340.0,-7.0
2021-07-30,275460.0,193344.0,82116,28589900.0,20196562.0,8393338.0,,2309.0,-7.0
2021-07-29,396719.0,374732.0,21987,28314440.0,20003218.0,8311222.0,,2302.0,-7.0
2021-07-28,261592.0,190440.0,71152,27917721.0,19628486.0,8289235.0,,2284.0,-7.0
2021-07-27,304537.0,212057.0,92480,27656129.0,19438046.0,8218083.0,,2266.0,-7.0
2021-07-26,74102.0,59262.0,14840,27351592.0,19225989.0,8125603.0,,2240.0,-7.0
2021-07-25,333770.0,220774.0,112996,27277490.0,19166727.0,8110763.0,,2220.0,-7.0
2021-07-24,340991.0,190932.0,150059,26943720.0,18945953.0,7997767.0,,2163.0,-7.0
2021-07-23,217496.0,117139.0,100357,26602729.0,18755021.0,7847708.0,,2152.0,-7.0
2021-07-22,88485.0,57033.0,31452,26385233.0,18637882.0,7747351.0,,2128.0,-7.0
2021-07-21,254629.0,139211.0,115418,26296748.0,18580849.0,7715899.0,,2117.0,-7.0
2021-07-20,324254.0,160107.0,164147,26042119.0,18441638.0,7600481.0,,2107.0,-7.0
2021-07-19,90508.0,46635.0,43873,25717865.0,18281531.0,7436334.0,,2086.0,-7.0
2021-07-18,384899.0,159226.0,225673,25627357.0,18234896.0,7392461.0,,2084.0,-7.0
2021-07-17,304530.0,110319.0,194211,25242458.0,18075670.0,7166788.0,,2075.0,-7.0
2021-07-16,232620.0,108839.0,123781,24937928.0,17965351.0,6972577.0,,2068.0,-7.0
2021-07-15,319395.0,114100.0,205295,24705308.0,17856512.0,6848796.0,,2058.0,-7.0
2021-07-14,225015.0,96680.0,128335,24385913.0,17742412.0,6643501.0,,2022.0,-7.0
2021-07-13,199123.0,64924.0,134199,24160898.0,17645732.0,6515166.0,,2014.0,-6.0
2021-07-12,88391.0,27665.0,60726,23961775.0,17580808.0,6380967.0,,2010.0,-6.0
2021-07-11,211283.0,70703.0,140580,23873384.0,17553143.0,6320241.0,,2008.0,-6.0
2021-07-10,237821.0,82011.0,155810,23662101.0,17482440.0,6179661.0,,2001.0,-6.0
2021-07-09,244714.0,94647.0,150067,23424280.0,17400429.0,6023851.0,,1991.0,-6.0
2021-07-08,158380.0,70833.0,87547,23179566.0,17305782.0,5873784.0,,1966.0,-6.0
2021-07-07,240706.0,94693.0,146013,23021186.0,17234949.0,5786237.0,,1960.0,-6.0
2021-07-06,298857.0,120147.0,178710,22780480.0,17140256.0,5640224.0,,1951.0,-6.0
2021-07-05,67783.0,29578.0,38205,22481623.0,17020109.0,5461514.0,,1942.0,-6.0
2021-07-04,265710.0,113989.0,151721,22413840.0,16990531.0,5423309.0,,1936.0,-6.0
2021-07-03,308850.0,118060.0,190790,22148130.0,16876542.0,5271588.0,,1926.0,-6.0
2021-07-02,115622.0,64339.0,51283,21839280.0,16758482.0,5080798.0,,1900.0,-6.0
2021-07-01,176029.0,101906.0,74123,21723658.0,16694143.0,5029515.0,,1898.0,-6.0
2021-06-30,281683.0,163766.0,117917,21547629.0,16592237.0,4955392.0,,1870.0,-6.0
2021-06-29,297896.0,180418.0,117478,21265946.0,16428471.0,4837475.0,,1864.0,-6.0
2021-06-28,79609.0,57737.0,21872,20968050.0,16248053.0,4719997.0,,1836.0,-6.0
2021-06-27,295801.0,215242.0,80559,20888441.0,16190316.0,4698125.0,,1823.0,-6.0
2021-06-26,383795.0,295641.0,88154,20592640.0,15975074.0,4617566.0,,1753.0,-6.0
2021-06-25,316274.0,250230.0,66044,20208845.0,15679433.0,4529412.0,,1743.0,-6.0
2021-06-24,341440.0,271373.0,70067,19892571.0,15429203.0,4463368.0,,,
2021-06-23,301413.0,240147.0,61266,19551131.0,15157830.0,4393301.0,,,
2021-06-22,327989.0,249601.0,78388,19249718.0,14917683.0,4332035.0,,,
2021-06-21,67680.0,54540.0,13140,18921729.0,14668082.0,4253647.0,,,
2021-06-20,278994.0,210061.0,68933,18854049.0,14613542.0,4240507.0,,,
2021-06-19,206106.0,165115.0,40991,18575055.0,14403481.0,4171574.0,,,
2021-06-18,175843.0,149017.0,26826,18368949.0,14238366.0,4130583.0,,,
2021-06-17,119920.0,108640.0,11280,18193106.0,14089349.0,4103757.0,,,
2021-06-16,245411.0,206164.0,39247,18073186.0,13980709.0,4092477.0,,,
2021-06-15,199133.0,150123.0,49010,17827775.0,13774545.0,4053230.0,,,
2021-06-14,53910.0,50805.0,3105,17628642.0,13624422.0,4004220.0,,,
2021-06-13,214034.0,192863.0,21171,17574732.0,13573617.0,4001115.0,,,
2021-06-12,236621.0,215284.0,21337,17360698.0,13380754.0,3979944.0,,,
2021-06-11,192983.0,183690.0,9293,17124077.0,13165470.0,3958607.0,,,
2021-06-10,221185.0,209439.0,11746,16931094.0,12981780.0,3949314.0,,,
2021-09-23,595596.0,395990.0,199606,53456771.0,38010731.0,15446040.0,,4412.0,-7.0
2021-09-24,494390.0,321097.0,173293,53951161.0,38331828.0,15619333.0,,4494.0,-7.0
2021-09-25,,,242068,,,,,4540.0,
2021-09-26,,,178406,,,,,4544.0,
2021-09-27,,,31399,,,,,4546.0,
2021-09-28,,,172382,,,,,4556.0,
2021-09-29,,,159038,,,,,4565.0,
2021-10-01,497696.0,357318.0,140378,57715061.0,41054544.0,16660517.0,,4609.0,-7.0
2021-09-30,499018.0,381505.0,117513,57217365.0,40697226.0,16520139.0,,4569.0,-7.0
2021-10-02,,,179917,,,,,4629.0,
2021-10-03,294226.0,218758.0,75468,58650132.0,41734230.0,16915902.0,,4633.0,-7.0
2021-10-04,98376.0,73903.0,24473,58748508.0,41808133.0,16940375.0,,4633.0,-7.0
2021-10-05,583520.0,422039.0,161481,59332028.0,42230172.0,17101856.0,,4649.0,-7.0
2021-10-06,1038181.0,853918.0,184263,60370209.0,43084090.0,17286119.0,,4668.0,-7.0
2021-10-07,387800.0,309980.0,77820,60758009.0,43394070.0,17363939.0,,4673.0,-7.0
2021-10-08,1142256.0,952701.0,189555,61900265.0,44346771.0,17553494.0,,4710.0,-7.0
2021-10-10,,,187724,,,,,4739.0,
2021-10-11,226673.0,192742.0,33931,64386556.0,46435336.0,17951220.0,,4742.0,-7.0
2021-10-12,503485.0,415198.0,88287,64890041.0,46850534.0,18039507.0,,4747.0,-7.0
2021-10-13,,,38846,,,,,4759.0,
2021-10-14,,,2373,,,,,4759.0,
2021-10-15,,,9848,,,,,4759.0,
2021-10-16,,,9980,,,,,4765.0,
2021-10-17,,,139885,,,,,4767.0,
2021-10-18,299947.0,263985.0,35962,66501315.0,48224914.0,18276401.0,,4768.0,-7.0
2021-10-19,1047638.0,823720.0,223918,67548953.0,49048634.0,18500319.0,,4780.0,-7.0
2021-10-20,658691.0,489172.0,169519,68207644.0,49537806.0,18669838.0,,4788.0,-7.0
2021-10-21,592500.0,469503.0,122997,68800144.0,50007309.0,18792835.0,,4795.0,-7.0
2021-10-22,1229565.0,837379.0,392186,70029709.0,50844688.0,19185021.0,,4809.0,-7.0
2021-10-23,532550.0,399737.0,132813,70562259.0,51244425.0,19317834.0,,4830.0,-7.0
2021-10-24,1238069.0,918450.0,319619,71800328.0,52162875.0,19637453.0,,4867.0,-7.0
2021-10-25,245095.0,193522.0,51573,72045423.0,52356397.0,19689026.0,,4869.0,-7.0
2021-10-27,908558.0,599321.0,309237,73970795.0,53615323.0,20355472.0,,4904.0,-7.0
2021-10-26,1016814.0,659605.0,357209,73062237.0,53016002.0,20046235.0,,4892.0,-7.0
2021-10-28,586542.0,342919.0,243623,74557337.0,53958242.0,20599095.0,,4920.0,-7.0
2021-10-29,799384.0,515399.0,283985,75356721.0,54473641.0,20883080.0,,4974.0,-7.0
2021-10-30,999610.0,685970.0,313640,76356331.0,55159611.0,21196720.0,,5029.0,-7.0
2021-10-31,1069216.0,759951.0,309265,77425547.0,55919562.0,21505985.0,,5049.0,-7.0
2021-11-01,292533.0,239319.0,53214,77718080.0,56158881.0,21559199.0,,5079.0,-7.0
2021-11-02,1166993.0,848990.0,318003,78885073.0,57007871.0,21877202.0,,5135.0,-7.0
2021-11-03,691453.0,468518.0,222935,79576526.0,57476389.0,22100137.0,,5187.0,-7.0
2021-11-04,527263.0,348034.0,179229,80103789.0,57824423.0,22279366.0,,5233.0,-7.0
2021-11-05,146032.0,96917.0,49115,80249821.0,57921340.0,22328481.0,,5235.0,-7.0
2021-11-06,393695.0,242641.0,151054,80643516.0,58163981.0,22479535.0,,5238.0,-7.0
2021-11-07,56533.0,28920.0,27613,80700049.0,58192901.0,22507148.0,,5248.0,-7.0
2021-11-08,152903.0,95918.0,56985,80852952.0,58288819.0,22564133.0,,5250.0,-7.0
2021-11-09,943462.0,517172.0,426290,81796414.0,58805991.0,22990423.0,,5291.0,-7.0
2021-11-11,468816.0,226233.0,242583,82968979.0,59381529.0,23587450.0,,5337.0,-7.0
2021-11-10,703749.0,349305.0,354444,82500163.0,59155296.0,23344867.0,,5318.0,-7.0
2021-11-12,282727.0,110950.0,171777,83251706.0,59492479.0,23759227.0,,5344.0,-7.0
2021-11-13,524264.0,236790.0,287474,83775970.0,59729269.0,24046701.0,,5376.0,-7.0
2021-11-14,376244.0,175579.0,200665,84152214.0,59904848.0,24247366.0,,5409.0,-7.0
2021-11-15,98632.0,57900.0,40732,84250846.0,59962748.0,24288098.0,,5411.0,-7.0
2021-11-16,660287.0,341351.0,318936,84911133.0,60304099.0,24607034.0,,5424.0,-7.0
2021-11-19,326204.0,126453.0,199751,86259333.0,60879430.0,25379903.0,,5543.0,-7.0
2021-11-18,459335.0,194636.0,264699,85933129.0,60752977.0,25180152.0,,5469.0,-7.0
2021-11-17,562661.0,254242.0,308419,85473794.0,60558341.0,24915453.0,,5456.0,-7.0
2021-11-20,417948.0,187534.0,230414,86677281.0,61066964.0,25610317.0,,5552.0,-7.0
2021-11-21,530380.0,246274.0,284106,87207661.0,61313238.0,25894423.0,,5564.0,-7.0
2021-11-22,144699.0,88496.0,56203,87352360.0,61401734.0,25950626.0,,5580.0,-7.0
2021-11-23,658458.0,277279.0,381179,88010818.0,61679013.0,26331805.0,,5605.0,-7.0
2021-11-24,720168.0,245178.0,474990,88730986.0,61924191.0,26806795.0,,5632.0,-7.0
2021-11-25,650839.0,221054.0,429785,89381825.0,62145245.0,27236580.0,,5651.0,-7.0
2021-11-26,521646.0,163579.0,358067,89903471.0,62308824.0,27594647.0,,5659.0,-7.0
2021-11-27,677930.0,213575.0,464355,90581401.0,62522399.0,28059002.0,,5687.0,-7.0
2021-11-28,534764.0,189919.0,344845,91116165.0,62712318.0,28403847.0,,5694.0,-7.0
2021-11-29,207559.0,99581.0,107978,91323724.0,62811899.0,28511825.0,,5696.0,-7.0
2021-11-30,639459.0,188898.0,450561,91963183.0,63000797.0,28962386.0,,5718.0,-7.0
2021-12-01,553323.0,160532.0,392791,92516506.0,63161329.0,29355177.0,,5733.0,-7.0
2021-12-02,313417.0,79700.0,233717,92829923.0,63241029.0,29588894.0,,5745.0,-7.0
2021-12-03,491547.0,106443.0,385104,93321470.0,63347472.0,29973998.0,,5750.0,-7.0
2021-12-04,528950.0,110198.0,418752,93850420.0,63457670.0,30392750.0,,5762.0,-7.0
2021-12-05,341625.0,65107.0,276518,94192045.0,63522777.0,30669268.0,,5781.0,-7.0
2021-12-06,75304.0,21075.0,54229,94267349.0,63543852.0,30723497.0,,5781.0,-7.0
2021-12-07,466328.0,68771.0,397557,94733677.0,63612623.0,31121054.0,,5788.0,-7.0
2021-12-08,448929.0,71798.0,377131,95182606.0,63684421.0,31498185.0,,5795.0,-7.0
2021-12-09,352989.0,57404.0,295585,95535595.0,63741825.0,31793770.0,,5821.0,-7.0
2021-12-10,234296.0,39511.0,194785,95769891.0,63781336.0,31988555.0,,5857.0,-7.0
2021-12-11,358605.0,52205.0,306400,96128496.0,63833541.0,32294955.0,,5867.0,-7.0
2021-12-13,51164.0,6242.0,44922,96563516.0,63876985.0,32686531.0,,5884.0,-7.0
2021-12-12,383856.0,37202.0,346654,96512352.0,63870743.0,32641609.0,,5884.0,-7.0
2021-12-14,573851.0,48537.0,525314,97137367.0,63925522.0,33211845.0,,5892.0,-7.0
2021-12-15,517276.0,40391.0,476885,97654643.0,63965913.0,33688730.0,,5911.0,-7.0
2021-12-16,424017.0,35008.0,389009,98078660.0,64000921.0,34077739.0,,5936.0,-7.0
