date,facility_name,patients_on_oxygen_support,patients_ventilator,total_patients
2020-07-15,pt bd sharma pgims rohtak,16,1,17
2020-07-15,"bpsgmc, khanpur kalan, sonepat",10,0,10
2020-07-15,"shkmgmc, nalhar",7,0,7
2020-07-15,"mamc, agroha, hisar",2,1,3
2020-07-15,"esic medical college and hospital, faridabad",17,4,21
2020-07-15,al-falah medical college faridabad,3,0,3
2020-07-15,"mm institute of medical sciences & research, mulana",3,0,3
2020-07-15,"world college of medical sciences, jhajjar",1,0,1
2020-07-15,mederor hospital   manesar gurugram,1,1,2
2020-07-15,medanta the medicity  gurugram,1,1,2
2020-07-15,artemis hospital gurugram,2,2,4
2020-07-15,kalyani hospital gurugram,1,1,2
2020-07-15,total,64,11,75
2020-07-16,pt bd sharma pgims rohtak,16,4,20
2020-07-16,"bpsgmc, khanpur kalan, sonepat",10,2,12
2020-07-16,"shkmgmc, nalhar",4,0,4
2020-07-16,"mamc, agroha, hisar",3,1,4
2020-07-16,"esic medical college and hospital, faridabad",17,8,25
2020-07-16,al-falah medical college faridabad,3,0,3
2020-07-16,"mm institute of medical sciences & research, mulana",5,0,5
2020-07-16,"world college of medical sciences, jhajjar",1,0,1
2020-07-16,mederor hospital   manesar gurugram,1,1,2
2020-07-16,medanta the medicity  gurugram,1,1,2
2020-07-16,artemis hospital gurugram,2,2,4
2020-07-16,kalyani hospital gurugram,1,1,2
2020-07-16,total,64,20,84
2020-07-17,pt bd sharma pgims rohtak,15,3,18
2020-07-17,"bpsgmc, khanpur kalan, sonepat",8,1,9
2020-07-17,"shkmgmc, nalhar",3,0,3
2020-07-17,"mamc, agroha, hisar",4,0,4
2020-07-17,"esic medical college and hospital, faridabad",17,8,25
2020-07-17,al-falah medical college faridabad,2,0,2
2020-07-17,"mm institute of medical sciences & research, mulana",4,0,4
2020-07-17,"world college of medical sciences, jhajjar",1,0,1
2020-07-17,mederor hospital   manesar gurugram,1,1,2
2020-07-17,medanta the medicity  gurugram,1,1,2
2020-07-17,artemis hospital gurugram,2,2,4
2020-07-17,kalyani hospital gurugram,1,1,2
2020-07-17,total,59,17,76
2020-07-18,pt bd sharma pgims rohtak,17,2,19
2020-07-18,"bpsgmc, khanpur kalan, sonepat",10,0,10
2020-07-18,"shkmgmc, nalhar",3,0,3
2020-07-18,"mamc, agroha, hisar",4,0,4
2020-07-18,"esic medical college and hospital, faridabad",15,6,21
2020-07-18,al-falah medical college faridabad,2,0,2
2020-07-18,"mm institute of medical sciences & research, mulana",4,0,4
2020-07-18,"world college of medical sciences, jhajjar",1,0,1
2020-07-18,mederor hospital   manesar gurugram,1,1,2
2020-07-18,medanta the medicity  gurugram,1,1,2
2020-07-18,artemis hospital gurugram,2,2,4
2020-07-18,kalyani hospital gurugram,1,1,2
2020-07-18,total,61,13,74
2020-07-19,pt bd sharma pgims rohtak,9,6,15
2020-07-19,"bpsgmc, khanpur kalan, sonepat",9,0,9
2020-07-19,"shkmgmc, nalhar",3,0,3
2020-07-19,"mamc, agroha, hisar",5,0,5
2020-07-19,"esic medical college and hospital, faridabad",14,8,22
2020-07-19,al-falah medical college faridabad,2,0,2
2020-07-19,"mm institute of medical sciences & research, mulana",5,0,5
2020-07-19,"world college of medical sciences, jhajjar",2,0,2
2020-07-19,mederor hospital   manesar gurugram,1,1,2
2020-07-19,medanta the medicity  gurugram,1,1,2
2020-07-19,artemis hospital gurugram,2,2,4
2020-07-19,kalyani hospital gurugram,1,1,2
2020-07-19,"qrg central, faridabad",6,6,12
2020-07-19,"3 qrg medicare, faridabad",4,0,4
2020-07-19,"sarvodaya sec19, faridabad",0,2,2
2020-07-19,"5 park hospital, faridabad",0,4,4
2020-07-19,"asian hospital, faridabad",0,11,11
2020-07-19,total,64,42,106
2020-07-20,pt bd sharma pgims rohtak,14,0,14
2020-07-20,"bpsgmc, khanpur kalan, sonepat",8,0,8
2020-07-20,"shkmgmc, nalhar",1,0,1
2020-07-20,"kcgmc, karnal",1,0,1
2020-07-20,"mamc, agroha, hisar",8,0,8
2020-07-20,"esic medical college and hospital, faridabad",13,8,21
2020-07-20,al-falah medical college faridabad,2,0,2
2020-07-20,"mm institute of medical sciences & research, mulana",3,5,8
2020-07-20,"world college of medical sciences, jhajjar",2,0,2
2020-07-20,mederor hospital   manesar gurugram,1,1,2
2020-07-20,medanta the medicity  gurugram,1,1,2
2020-07-20,artemis hospital gurugram,2,2,4
2020-07-20,kalyani hospital gurugram,1,1,2
2020-07-20,"metro hospital, faridabad",13,3,16
2020-07-20,"qrg central, faridabad",5,4,9
2020-07-20,"qrg medicare, faridabad",13,1,14
2020-07-20,"sarvoday sec 8, faridabad",30,4,34
2020-07-20,"park hospital, faridabad",1,0,1
2020-07-20,"escorts fortis, faridabad",6,0,6
2020-07-20,"asian hospital, faridabad",8,2,10
2020-07-20,total,133,32,165
2020-07-21,pt bd sharma pgims rohtak,14,2,16
2020-07-21,"bpsgmc, khanpur kalan, sonepat",7,1,8
2020-07-21,"shkmgmc, nalhar",2,0,2
2020-07-21,"kcgmc, karnal",1,0,1
2020-07-21,"mamc, agroha, hisar",4,0,4
2020-07-21,"esic medical college and hospital, faridabad",10,8,18
2020-07-21,al-falah medical college faridabad,2,0,2
2020-07-21,"mm institute of medical sciences & research, mulana",3,5,8
2020-07-21,"world college of medical sciences, jhajjar",1,0,1
2020-07-21,mederor hospital   manesar gurugram,1,1,2
2020-07-21,medanta the medicity  gurugram,1,1,2
2020-07-21,artemis hospital gurugram,2,2,4
2020-07-21,kalyani hospital gurugram,1,1,2
2020-07-21,"metro hospital, faridabad",23,3,26
2020-07-21,"qrg central, faridabad",15,7,22
2020-07-21,"qrg medicare, faridabad",13,2,15
2020-07-21,"sarvoday sec 8, faridabad",42,4,46
2020-07-21,"park hospital, faridabad",2,0,2
2020-07-21,"escorts fortis, faridabad",5,0,5
2020-07-21,"asian hospital, faridabad",6,1,7
2020-07-21,total,155,38,193
2020-07-22,pt bd sharma pgims rohtak,17,2,19
2020-07-22,"bpsgmc, khanpur kalan, sonepat",6,2,8
2020-07-22,"shkmgmc, nalhar",2,0,2
2020-07-22,"kcgmc, karnal",4,0,4
2020-07-22,"mamc, agroha, hisar",3,0,3
2020-07-22,"esic medical college and hospital, faridabad",17,4,21
2020-07-22,al-falah medical college faridabad,0,0,0
2020-07-22,"mm institute of medical sciences & research, mulana",5,4,9
2020-07-22,"world college of medical sciences, jhajjar",1,0,1
2020-07-22,mederor hospital   manesar gurugram,1,1,2
2020-07-22,medanta the medicity  gurugram,1,1,2
2020-07-22,artemis hospital gurugram,2,2,4
2020-07-22,kalyani hospital gurugram,1,1,2
2020-07-22,"metro hospital, faridabad",20,4,24
2020-07-22,"qrg central, faridabad",13,7,20
2020-07-22,"qrg medicare, faridabad",11,3,14
2020-07-22,"sarvoday sec 8, faridabad",42,3,45
2020-07-22,"park hospital, faridabad",1,0,1
2020-07-22,"escorts fortis, faridabad",3,0,3
2020-07-22,"asian hospital, faridabad",5,1,6
2020-07-22,total,155,35,190
2020-07-23,pt bd sharma pgims rohtak,18,2,20
2020-07-23,"bpsgmc, khanpur kalan, sonepat",6,2,8
2020-07-23,"shkmgmc, nalhar",2,0,2
2020-07-23,"kcgmc, karnal",1,0,1
2020-07-23,"mamc, agroha, hisar",3,0,3
2020-07-23,"esic medical college and hospital, faridabad",17,5,22
2020-07-23,al-falah medical college faridabad,1,0,1
2020-07-23,"mm institute of medical sciences & research, mulana",4,3,7
2020-07-23,"world college of medical sciences, jhajjar",1,0,1
2020-07-23,mederor hospital   manesar gurugram,1,1,2
2020-07-23,medanta the medicity  gurugram,1,1,2
2020-07-23,artemis hospital gurugram,2,2,4
2020-07-23,kalyani hospital gurugram,1,1,2
2020-07-23,"metro hospital, faridabad",14,4,18
2020-07-23,"qrg medicare, faridabad",10,2,12
2020-07-23,"sarvoday sec 8, faridabad",31,2,33
2020-07-23,"park hospital, faridabad",1,0,1
2020-07-23,"escorts fortis, faridabad",4,1,5
2020-07-23,"asian hospital, faridabad",5,0,5
2020-07-23,total,123,26,149
2020-07-24,pt bd sharma pgims rohtak,12,5,17
2020-07-24,"bpsgmc, khanpur kalan, sonepat",8,1,9
2020-07-24,"shkmgmc, nalhar",3,0,3
2020-07-24,"kcgmc, karnal",1,0,1
2020-07-24,"mamc, agroha, hisar",3,0,3
2020-07-24,"esic medical college and hospital, faridabad",19,6,25
2020-07-24,al-falah medical college faridabad,1,0,1
2020-07-24,"mm institute of medical sciences & research, mulana",6,2,8
2020-07-24,"world college of medical sciences, jhajjar",2,0,2
2020-07-24,mederor hospital   manesar gurugram,1,1,2
2020-07-24,medanta the medicity  gurugram,1,1,2
2020-07-24,artemis hospital gurugram,2,2,4
2020-07-24,kalyani hospital gurugram,1,1,2
2020-07-24,"metro hospital, faridabad",16,5,21
2020-07-24,"qrg central, faridabad",10,7,17
2020-07-24,"qrg medicare, faridabad",11,1,12
2020-07-24,"sarvoday sec 8, faridabad",31,2,33
2020-07-24,"park hospital, faridabad",1,0,1
2020-07-24,"escorts fortis, faridabad",4,1,5
2020-07-24,"asian hospital, faridabad",6,0,6
2020-07-24,total,139,35,174
2020-07-26,pt bd sharma pgims rohtak,17,1,18
2020-07-26,"bpsgmc, khanpur kalan, sonepat",7,2,9
2020-07-26,"shkmgmc, nalhar",2,0,2
2020-07-26,"kcgmc, karnal",1,0,1
2020-07-26,"mamc, agroha, hisar",5,0,5
2020-07-26,"esic medical college and hospital, faridabad",15,7,22
2020-07-26,al-falah medical college faridabad,3,0,3
2020-07-26,"mm institute of medical sciences & research, mulana",8,3,11
2020-07-26,"world college of medical sciences, jhajjar",2,0,2
2020-07-26,mederor hospital   manesar gurugram,1,1,2
2020-07-26,medanta the medicity  gurugram,1,1,2
2020-07-26,artemis hospital gurugram,2,2,4
2020-07-26,kalyani hospital gurugram,1,1,2
2020-07-26,metro hospital gurugram,1,1,2
2020-07-26,"metro hospital, faridabad",15,2,17
2020-07-26,"qrg central, faridabad",5,1,6
2020-07-26,"sarvoday sec 8, faridabad",2,0,2
2020-07-26,"park hospital, faridabad",1,0,1
2020-07-26,"asian hospital, faridabad",5,0,5
2020-07-26,total,94,22,116
2020-07-27,pt bd sharma pgims rohtak,14,1,15
2020-07-27,"bpsgmc, khanpur kalan, sonepat",6,2,8
2020-07-27,"shkmgmc, nalhar",1,0,1
2020-07-27,"kcgmc, karnal",1,0,1
2020-07-27,"mamc, agroha, hisar",3,0,3
2020-07-27,"esic medical college and hospital, faridabad",15,7,22
2020-07-27,al-falah medical college faridabad,3,0,3
2020-07-27,"mm institute of medical sciences & research, mulana",8,4,12
2020-07-27,"world college of medical sciences, jhajjar",2,0,2
2020-07-27,mederor hospital   manesar gurugram,1,1,2
2020-07-27,medanta the medicity  gurugram,1,1,2
2020-07-27,artemis hospital gurugram,2,2,4
2020-07-27,kalyani hospital gurugram,1,1,2
2020-07-27,"metro hospital gurugram  , faridabad",1,1,2
2020-07-27,"metro hospital, faridabad",16,2,18
2020-07-27,"qrg central, faridabad",11,0,11
2020-07-27,"qrg medicare, faridabad",6,1,7
2020-07-27,"sarvoday sec 8, faridabad",31,0,31
2020-07-27,"park hospital, faridabad",3,1,4
2020-07-27,"escorts fortis, faridabad",4,0,4
2020-07-27,"asian hospital, faridabad",2,0,2
2020-07-27,total,132,24,156
2020-07-28,pt bd sharma pgims rohtak,10,0,10
2020-07-28,"bpsgmc, khanpur kalan, sonepat",8,1,9
2020-07-28,"kcgmc, karnal",3,0,3
2020-07-28,"mamc, agroha, hisar",3,0,3
2020-07-28,"esic medical college and hospital, faridabad",16,2,18
2020-07-28,al-falah medical college faridabad,2,0,2
2020-07-28,"mm institute of medical sciences & research, mulana",9,3,12
2020-07-28,"world college of medical sciences, jhajjar",2,0,2
2020-07-28,mederor hospital   manesar gurugram,1,1,2
2020-07-28,medanta the medicity  gurugram,1,1,2
2020-07-28,artemis hospital gurugram,2,2,4
2020-07-28,kalyani hospital gurugram,1,1,2
2020-07-28,metro hospital gurugram,1,1,2
2020-07-28,"metro hospital, faridabad",12,1,13
2020-07-28,"qrg central, faridabad",12,0,12
2020-07-28,"qrg medicare, faridabad",7,1,8
2020-07-28,"sarvoday sec 8, faridabad",33,1,34
2020-07-28,"park hospital, faridabad",3,0,3
2020-07-28,"escorts fortis, faridabad",3,0,3
2020-07-28,total,129,15,144
2020-07-29,pt bd sharma pgims rohtak,8,1,9
2020-07-29,"bpsgmc, khanpur kalan, sonepat",7,1,8
2020-07-29,"kcgmc, karnal",4,0,4
2020-07-29,"mamc, agroha, hisar",4,0,4
2020-07-29,"esic medical college and hospital, faridabad",13,4,17
2020-07-29,al-falah medical college faridabad,1,0,1
2020-07-29,"mm institute of medical sciences & research, mulana",10,4,14
2020-07-29,"world college of medical sciences, jhajjar",1,0,1
2020-07-29,mederor hospital   manesar gurugram,1,1,2
2020-07-29,medanta the medicity  gurugram,1,1,2
2020-07-29,artemis hospital gurugram,2,2,4
2020-07-29,kalyani hospital gurugram,1,1,2
2020-07-29,metro hospital gurugram,1,1,2
2020-07-29,"metro hospital, faridabad",11,0,11
2020-07-29,"qrg central, faridabad",12,0,12
2020-07-29,"qrg medicare, faridabad",7,1,8
2020-07-29,"sarvoday sec 8, faridabad",35,1,36
2020-07-29,"park hospital, faridabad",2,0,2
2020-07-29,"escorts fortis, faridabad",2,0,2
2020-07-29,"asian hospital, faridabad",6,0,6
2020-07-29,total,129,18,147
2020-07-30,pt bd sharma pgims rohtak,7,0,7
2020-07-30,"bpsgmc, khanpur kalan, sonepat",8,1,9
2020-07-30,"shkmgmc, nalhar",1,0,1
2020-07-30,"kcgmc, karnal",4,0,4
2020-07-30,"mamc, agroha, hisar",7,0,7
2020-07-30,"esic medical college and hospital, faridabad",15,4,19
2020-07-30,al-falah medical college faridabad,1,0,1
2020-07-30,"mm institute of medical sciences & research, mulana",13,2,15
2020-07-30,"world college of medical sciences, jhajjar",1,0,1
2020-07-30,mederor hospital   manesar gurugram,1,1,2
2020-07-30,medanta the medicity  gurugram,1,1,2
2020-07-30,artemis hospital gurugram,2,2,4
2020-07-30,kalyani hospital gurugram,1,1,2
2020-07-30,metro hospital gurugram,1,1,2
2020-07-30,"metro hospital, faridabad",11,0,11
2020-07-30,"qrg central, faridabad",8,0,8
2020-07-30,"qrg medicare, faridabad",7,1,8
2020-07-30,"sarvoday sec 8, faridabad",19,0,19
2020-07-30,"park hospital, faridabad",3,0,3
2020-07-30,"escorts fortis, faridabad",2,0,2
2020-07-30,"asian hospital, faridabad",4,0,4
2020-07-30,total,117,14,131
2020-07-31,pt bd sharma pgims rohtak,7,1,8
2020-07-31,"bpsgmc, khanpur kalan, sonepat",8,1,9
2020-07-31,"kcgmc, karnal",2,0,2
2020-07-31,"mamc, agroha, hisar",7,0,7
2020-07-31,"esic medical college and hospital, faridabad",13,5,18
2020-07-31,al-falah medical college faridabad,2,0,2
2020-07-31,"mm institute of medical sciences & research, mulana",12,1,13
2020-07-31,"world college of medical sciences, jhajjar",1,0,1
2020-07-31,mederor hospital   manesar gurugram,1,1,2
2020-07-31,medanta the medicity  gurugram,1,1,2
2020-07-31,artemis hospital gurugram,2,2,4
2020-07-31,kalyani hospital gurugram,1,1,2
2020-07-31,metro hospital gurugram,1,1,2
2020-07-31,"metro hospital, faridabad",12,0,12
2020-07-31,"qrg central, faridabad",6,0,6
2020-07-31,"qrg medicare, faridabad",7,1,8
2020-07-31,"sarvoday sec 8, faridabad",21,0,21
2020-07-31,"park hospital, faridabad",4,0,4
2020-07-31,"escorts fortis, faridabad",4,0,4
2020-07-31,"asian hospital, faridabad",4,2,6
2020-07-31,total,116,17,133
2020-08-01,pt bd sharma pgims rohtak,8,1,9
2020-08-01,"bpsgmc, khanpur kalan, sonepat",11,1,12
2020-08-01,"kcgmc, karnal",2,0,2
2020-08-01,"mamc, agroha, hisar",7,0,7
2020-08-01,"esic medical college and hospital, faridabad",16,4,20
2020-08-01,al-falah medical college faridabad,2,0,2
2020-08-01,"mm institute of medical sciences & research, mulana",10,3,13
2020-08-01,"world college of medical sciences, jhajjar",1,0,1
2020-08-01,signature hospital gurugram,2,2,4
2020-08-01,medanta the medicity  gurugram,1,1,2
2020-08-01,"metro hospital, faridabad",8,0,8
2020-08-01,"qrg central, faridabad",3,0,3
2020-08-01,"qrg medicare, faridabad",8,1,9
2020-08-01,"sarvoday sec 8, faridabad",16,1,17
2020-08-01,"park hospital, faridabad",4,0,4
2020-08-01,"escorts fortis, faridabad",5,0,5
2020-08-01,"asian hospital, faridabad",7,2,9
2020-08-01,total,111,16,127
2020-08-02,pt bd sharma pgims rohtak,7,1,8
2020-08-02,"bpsgmc, khanpur kalan, sonepat",8,0,8
2020-08-02,"kcgmc, karnal",4,0,4
2020-08-02,"mamc, agroha, hisar",7,0,7
2020-08-02,"esic medical college and hospital, faridabad",18,5,23
2020-08-02,al-falah medical college faridabad,2,0,2
2020-08-02,"mm institute of medical sciences & research, mulana",10,6,16
2020-08-02,signature hospital gurugram,2,2,4
2020-08-02,medanta the medicity  gurugram,1,1,2
2020-08-02,"metro hospital, faridabad",10,0,10
2020-08-02,"qrg central, faridabad",3,0,3
2020-08-02,"qrg medicare, faridabad",7,1,8
2020-08-02,"sarvoday sec 8, faridabad",18,1,19
2020-08-02,"park hospital, faridabad",2,1,3
2020-08-02,"escorts fortis, faridabad",5,0,5
2020-08-02,"asian hospital, faridabad",0,2,2
2020-08-02,total,104,20,124
2020-08-03,"pt bd sharma pgims, rohtak",11,2,13
2020-08-03,"bpsgmc, khanpur kalan, sonepat",7,0,7
2020-08-03,"kcgmc, karnal",4,0,4
2020-08-03,"mamc, agroha, hisar",2,0,2
2020-08-03,"esic medical college and hospital, faridabad",20,4,24
2020-08-03,"al-falah medical college, faridabad",2,0,2
2020-08-03,"mm institute of medical sciences & research, mulana",12,6,18
2020-08-03,"signature hospital, gurugram",2,2,4
2020-08-03,"medanta hospital,  gurugram",1,1,2
2020-08-03,"metro hospital, faridabad",8,0,8
2020-08-03,"qrg central, faridabad",2,0,2
2020-08-03,"qrg medicare, faridabad",8,1,9
2020-08-03,"sarvoday, faridabad",17,1,18
2020-08-03,"park hospital, faridabad",3,1,4
2020-08-03,"escorts fortis, faridabad",5,0,5
2020-08-03,"asian hospital, faridabad",6,2,8
2020-08-03,total,110,20,130
2020-08-04,"pt bd sharma pgims, rohtak",9,3,12
2020-08-04,"bpsgmc, khanpur kalan, sonepat",10,1,11
2020-08-04,"kcgmc, karnal",5,2,7
2020-08-04,"mamc, agroha, hisar",3,0,3
2020-08-04,"esic medical college and hospital, faridabad",22,3,25
2020-08-04,"al-falah medical college, faridabad",1,0,1
2020-08-04,"mm institute of medical sciences & research, mulana",10,5,15
2020-08-04,"signature hospital, gurugram",2,2,4
2020-08-04,"medanta hospital,  gurugram",1,1,2
2020-08-04,"metro hospital, faridabad",20,0,20
2020-08-04,"qrg central, faridabad",3,0,3
2020-08-04,"qrg medicare, faridabad",7,0,7
2020-08-04,"sarvoday, faridabad",15,2,17
2020-08-04,"park hospital, faridabad",1,0,1
2020-08-04,"escorts fortis, faridabad",4,1,5
2020-08-04,"asian hospital, faridabad",5,3,8
2020-08-04,total,118,23,141
2020-08-05,"pt bd sharma pgims, rohtak",8,3,11
2020-08-05,"bpsgmc, khanpur kalan, sonepat",9,3,12
2020-08-05,"kcgmc, karnal",4,2,6
2020-08-05,"mamc, agroha, hisar",2,0,2
2020-08-05,"esic medical college and hospital, faridabad",23,2,25
2020-08-05,"al-falah medical college, faridabad",1,0,1
2020-08-05,"mm institute of medical sciences & research, mulana",10,5,15
2020-08-05,"signature hospital, gurugram",2,2,4
2020-08-05,"medanta hospital,  gurugram",1,1,2
2020-08-05,"metro hospital, faridabad",19,1,20
2020-08-05,"qrg central, faridabad",3,0,3
2020-08-05,"qrg medicare, faridabad",8,1,9
2020-08-05,"sarvoday hospital, faridabad",15,2,17
2020-08-05,"park hospital, faridabad",1,0,1
2020-08-05,"escorts fortis, faridabad",4,0,4
2020-08-05,"asian hospital, faridabad",5,3,8
2020-08-05,total,115,25,140
2020-08-06,"pt bd sharma pgims, rohtak",9,2,11
2020-08-06,"bpsgmc, khanpur kalan, sonepat",8,0,8
2020-08-06,"kcgmc, karnal",3,1,4
2020-08-06,"mamc, agroha, hisar",8,0,8
2020-08-06,"sgt medical college and hospital, budhera, gurugram",1,0,1
2020-08-06,"esic medical college and hospital, faridabad",20,4,24
2020-08-06,"al-falah medical college, faridabad",1,0,1
2020-08-06,"mm institute of medical sciences & research, mulana",4,0,4
2020-08-06,"artemis hospital, gurugram",1,1,2
2020-08-06,"narayana hospital, gurugram",1,1,2
2020-08-06,"metro hospital, faridabad",16,1,17
2020-08-06,"qrg central, faridabad",3,0,3
2020-08-06,"qrg medicare, faridabad",6,0,6
2020-08-06,"sarvoday hospital, faridabad",16,1,17
2020-08-06,"park hospital, faridabad",1,0,1
2020-08-06,"escorts fortis, faridabad",5,0,5
2020-08-06,"asian hospital, faridabad",10,3,13
2020-08-06,total,113,14,127
2020-08-07,"pt bd sharma pgims, rohtak",8,2,10
2020-08-07,"adesh medial college & hospital, mohri kurukshetra",2,0,2
2020-08-07,"bpsgmc, khanpur kalan, sonepat",12,2,14
2020-08-07,"shkm govt. medical college nalhar, nuh",1,0,1
2020-08-07,"kcgmc, karnal",3,1,4
2020-08-07,"mamc, agroha, hisar",5,0,5
2020-08-07,"sgt medical college and hospital, budhera, gurugram",1,0,1
2020-08-07,"esic medical college and hospital, faridabad",21,4,25
2020-08-07,"mm institute of medical sciences & research, mulana",4,0,4
2020-08-07,world college of medical sciences & research jhajjar,2,0,2
2020-08-07,"artemis hospital, gurugram",1,1,2
2020-08-07,"narayana hospital, gurugram",1,1,2
2020-08-07,"metro hospital, faridabad",13,1,14
2020-08-07,"qrg central, faridabad",3,0,3
2020-08-07,"qrg medicare, faridabad",7,0,7
2020-08-07,"sarvoday hospital, faridabad",12,1,13
2020-08-07,"park hospital, faridabad",2,0,2
2020-08-07,"escorts fortis, faridabad",7,0,7
2020-08-07,"asian hospital, faridabad",5,3,8
2020-08-07,total,110,16,126
2020-08-08,"pt bd sharma pgims, rohtak",8,2,10
2020-08-08,"adesh medial college & hospital, mohri kurukshetra",2,0,2
2020-08-08,"bpsgmc, khanpur kalan, sonepat",10,1,11
2020-08-08,"shkm govt. medical college nalhar, nuh",2,0,2
2020-08-08,"kcgmc, karnal",3,1,4
2020-08-08,"mamc, agroha, hisar",6,0,6
2020-08-08,"sgt medical college and hospital, budhera, gurugram",1,0,1
2020-08-08,"esic medical college and hospital, faridabad",19,6,25
2020-08-08,"mm institute of medical sciences & research, mulana",1,3,4
2020-08-08,world college of medical sciences & research jhajjar,2,0,2
2020-08-08,"artemis hospital, gurugram",1,1,2
2020-08-08,"narayana hospital, gurugram",1,1,2
2020-08-08,"metro hospital, faridabad",14,1,15
2020-08-08,"qrg central, faridabad",3,0,3
2020-08-08,"qrg medicare, faridabad",9,0,9
2020-08-08,"sarvoday hospital, faridabad",8,2,10
2020-08-08,"escorts fortis, faridabad",6,0,6
2020-08-08,"asian hospital, faridabad",7,4,11
2020-08-08,total,103,22,125
2020-08-09,"pt bd sharma pgims, rohtak",12,2,14
2020-08-09,"bpsgmc, khanpur kalan, sonepat",12,0,12
2020-08-09,"shkm govt. medical college nalhar, nuh",0,2,2
2020-08-09,"kcgmc, karnal",4,2,6
2020-08-09,"mamc, agroha, hisar",10,0,10
2020-08-09,"sgt medical college and hospital, budhera, gurugram",1,0,1
2020-08-09,"esic medical college and hospital, faridabad",23,6,29
2020-08-09,"mm institute of medical sciences & research, mulana",7,2,9
2020-08-09,world college of medical sciences & research jhajjar,1,0,1
2020-08-09,"artemis hospital, gurugram",1,1,2
2020-08-09,"metro hospital, faridabad",12,1,13
2020-08-09,"qrg central, faridabad",5,0,5
2020-08-09,"qrg medicare, faridabad",8,0,8
2020-08-09,"sarvoday hospital, faridabad",13,3,16
2020-08-09,"escorts fortis, faridabad",6,0,6
2020-08-09,"asian hospital, faridabad",7,6,13
2020-08-09,total,122,25,147
2020-08-10,"pt bd sharma pgims, rohtak",15,1,16
2020-08-10,"bpsgmc, khanpur kalan, sonepat",13,0,13
2020-08-10,"shkm govt. medical college nalhar, nuh",1,2,3
2020-08-10,"kcgmc, karnal",4,2,6
2020-08-10,"mamc, agroha, hisar",7,0,7
2020-08-10,"sgt medical college and hospital, budhera, gurugram",1,0,1
2020-08-10,"esic medical college and hospital, faridabad",22,5,27
2020-08-10,"mm institute of medical sciences & research, mulana",9,2,11
2020-08-10,world college of medical sciences & research jhajjar,2,0,2
2020-08-10,"artemis hospital, gurugram",1,1,2
2020-08-10,"metro hospital, faridabad",10,0,10
2020-08-10,"qrg central, faridabad",6,1,7
2020-08-10,"qrg medicare, faridabad",7,0,7
2020-08-10,"sarvoday hospital, faridabad",6,2,8
2020-08-10,"escorts fortis, faridabad",4,0,4
2020-08-10,"asian hospital, faridabad",6,6,12
2020-08-10,total,114,22,136
2020-08-11,"pt bd sharma pgims, rohtak",13,1,14
2020-08-11,"bpsgmc, khanpur kalan, sonepat",11,0,11
2020-08-11,"shkm govt. medical college nalhar, nuh",1,3,4
2020-08-11,"kcgmc, karnal",5,2,7
2020-08-11,"mamc, agroha, hisar",7,0,7
2020-08-11,"sgt medical college and hospital, budhera, gurugram",1,1,2
2020-08-11,"esic medical college and hospital, faridabad",24,3,27
2020-08-11,"adesh medical college, kurukshetra",2,0,2
2020-08-11,"mm institute of medical sciences & research, mulana",10,4,14
2020-08-11,"artemis hospital, gurugram",1,1,2
2020-08-11,"metro hospital, faridabad",12,1,13
2020-08-11,"qrg central, faridabad",4,0,4
2020-08-11,"qrg medicare, faridabad",4,0,4
2020-08-11,"sarvoday hospital, faridabad",8,1,9
2020-08-11,"escorts fortis, faridabad",4,0,4
2020-08-11,"asian hospital, faridabad",6,5,11
2020-08-11,total,113,22,135
2020-08-12,"pt bd sharma pgims, rohtak",16,0,16
2020-08-12,"bpsgmc, khanpur kalan, sonepat",12,1,13
2020-08-12,"shkm govt. medical college nalhar, nuh",3,1,4
2020-08-12,"kcgmc, karnal",5,2,7
2020-08-12,"mamc, agroha, hisar",11,0,11
2020-08-12,"sgt medical college and hospital, budhera, gurugram",1,1,2
2020-08-12,"esic medical college and hospital, faridabad",25,4,29
2020-08-12,"adesh medical college, kurukshetra",2,0,2
2020-08-12,"mm institute of medical sciences & research, mulana",14,5,19
2020-08-12,"artemis hospital, gurugram",1,1,2
2020-08-12,"metro hospital, faridabad",16,2,18
2020-08-12,"qrg central, faridabad",3,0,3
2020-08-12,"qrg medicare, faridabad",5,0,5
2020-08-12,"sarvoday hospital, faridabad",8,1,9
2020-08-12,"escorts fortis, faridabad",4,1,5
2020-08-12,"asian hospital, faridabad",6,5,11
2020-08-12,total,132,24,156
2020-08-13,"pt bd sharma pgims, rohtak",17,0,17
2020-08-13,"bpsgmc, khanpur kalan, sonepat",14,2,16
2020-08-13,"shkm govt. medical college nalhar, nuh",2,2,4
2020-08-13,"kcgmc, karnal",5,2,7
2020-08-13,"mamc, agroha, hisar",10,1,11
2020-08-13,"sgt medical college and hospital, budhera, gurugram",1,1,2
2020-08-13,"esic medical college and hospital, faridabad",20,6,26
2020-08-13,"adesh medical college, kurukshetra",2,0,2
2020-08-13,"mm institute of medical sciences & research, mulana",12,3,15
2020-08-13,"artemis hospital, gurugram",1,1,2
2020-08-13,"metro hospital, faridabad",12,2,14
2020-08-13,"qrg central, faridabad",3,0,3
2020-08-13,"qrg medicare, faridabad",4,0,4
2020-08-13,"sarvoday hospital, faridabad",11,1,12
2020-08-13,"escorts fortis, faridabad",3,0,3
2020-08-13,"asian hospital, faridabad",4,4,8
2020-08-13,total,121,25,146
2020-08-14,"pt bd sharma pgims, rohtak",18,1,19
2020-08-14,"bpsgmc, khanpur kalan, sonepat",12,1,13
2020-08-14,"shkm govt. medical college nalhar, nuh",3,2,5
2020-08-14,"kcgmc, karnal",9,1,10
2020-08-14,"mamc, agroha, hisar",10,0,10
2020-08-14,"sgt medical college and hospital, budhera, gurugram",1,1,2
2020-08-14,"esic medical college and hospital, faridabad",19,7,26
2020-08-14,"adesh medical college, kurukshetra",5,0,5
2020-08-14,"mm institute of medical sciences & research, mulana",10,2,12
2020-08-14,"artemis hospital, gurugram",1,1,2
2020-08-14,"metro hospital, faridabad",14,1,15
2020-08-14,"qrg central, faridabad",3,0,3
2020-08-14,"qrg medicare, faridabad",8,0,8
2020-08-14,"sarvoday hospital, faridabad",7,1,8
2020-08-14,"escorts fortis, faridabad",3,0,3
2020-08-14,"asian hospital, faridabad",9,4,13
2020-08-14,total,132,22,154
2020-08-15,"pt bd sharma pgims, rohtak",16,1,17
2020-08-15,"bpsgmc, khanpur kalan, sonepat",15,1,16
2020-08-15,"shkm govt. medical college nalhar, nuh",4,2,6
2020-08-15,"kcgmc, karnal",9,2,11
2020-08-15,"mamc, agroha, hisar",10,0,10
2020-08-15,"sgt medical college and hospital, budhera, gurugram",1,0,1
2020-08-15,"esic medical college and hospital, faridabad",19,5,24
2020-08-15,"adesh medical college, kurukshetra",5,0,5
2020-08-15,"mm institute of medical sciences & research, mulana",10,4,14
2020-08-15,"artemis hospital, gurugram",1,1,2
2020-08-15,"metro hospital, faridabad",12,1,13
2020-08-15,"qrg central, faridabad",2,0,2
2020-08-15,"qrg medicare, faridabad",10,0,10
2020-08-15,"sarvoday hospital, faridabad",7,0,7
2020-08-15,"escorts fortis, faridabad",1,0,1
2020-08-15,"asian hospital, faridabad",5,2,7
2020-08-15,total,127,19,146
2020-08-16,"pt bd sharma pgims, rohtak",16,1,17
2020-08-16,"bpsgmc, khanpur kalan, sonepat",15,2,17
2020-08-16,"shkm govt. medical college nalhar, nuh",4,1,5
2020-08-16,"kcgmc, karnal",10,1,11
2020-08-16,"mamc, agroha, hisar",12,0,12
2020-08-16,"esic medical college and hospital, faridabad",21,6,27
2020-08-16,"adesh medical college, kurukshetra",4,1,5
2020-08-16,"mm institute of medical sciences & research, mulana",12,6,18
2020-08-16,"artemis hospital, gurugram",1,1,2
2020-08-16,"metro hospital, faridabad",14,1,15
2020-08-16,"qrg central, faridabad",2,0,2
2020-08-16,"qrg medicare, faridabad",10,0,10
2020-08-16,"sarvoday hospital, faridabad",5,0,5
2020-08-16,"escorts fortis, faridabad",1,0,1
2020-08-16,"asian hospital, faridabad",6,3,9
2020-08-16,total,133,23,156
2020-08-17,"pt bd sharma pgims, rohtak",16,2,18
2020-08-17,"bpsgmc, khanpur kalan, sonepat",12,3,15
2020-08-17,"shkm govt. medical college nalhar, nuh",4,0,4
2020-08-17,"kcgmc, karnal",8,1,9
2020-08-17,"mamc, agroha, hisar",12,1,13
2020-08-17,"esic medical college and hospital, faridabad",21,9,30
2020-08-17,"adesh medical college, kurukshetra",4,1,5
2020-08-17,"mm institute of medical sciences & research, mulana",16,2,18
2020-08-17,"artemis hospital, gurugram",1,1,2
2020-08-17,"metro hospital, faridabad",13,1,14
2020-08-17,"qrg central, faridabad",1,0,1
2020-08-17,"qrg medicare, faridabad",6,0,6
2020-08-17,"sarvoday hospital, faridabad",5,0,5
2020-08-17,"escorts fortis, faridabad",2,0,2
2020-08-17,"asian hospital, faridabad",6,2,8
2020-08-17,total,127,23,150
2020-08-18,"pt bd sharma pgims, rohtak",18,2,20
2020-08-18,"bpsgmc, khanpur kalan, sonepat",15,2,17
2020-08-18,"shkm govt. medical college nalhar, nuh",5,0,5
2020-08-18,"kcgmc, karnal",12,1,13
2020-08-18,"mamc, agroha, hisar",8,1,9
2020-08-18,"esic medical college and hospital, faridabad",23,6,29
2020-08-18,"adesh medical college, kurukshetra",4,1,5
2020-08-18,"mm institute of medical sciences & research, mulana",15,4,19
2020-08-18,"artemis hospital, gurugram",1,1,2
2020-08-18,"metro hospital, faridabad",10,0,10
2020-08-18,"qrg central, faridabad",4,0,4
2020-08-18,"qrg medicare, faridabad",11,0,11
2020-08-18,"sarvoday hospital, faridabad",4,0,4
2020-08-18,"park hospital, faridabad",4,0,4
2020-08-18,"escorts fortis, faridabad",2,0,2
2020-08-18,"asian hospital, faridabad",0,1,1
2020-08-18,total,136,19,155
2020-08-19,"pt bd sharma pgims, rohtak",17,2,19
2020-08-19,"bpsgmc, khanpur kalan, sonepat",15,2,17
2020-08-19,"shkm govt. medical college nalhar, nuh",5,0,5
2020-08-19,"kcgmc, karnal",12,1,13
2020-08-19,"mamc, agroha, hisar",9,1,10
2020-08-19,"esic medical college and hospital, faridabad",17,3,20
2020-08-19,"adesh medical college, kurukshetra",4,1,5
2020-08-19,"mm institute of medical sciences & research, mulana",21,3,24
2020-08-19,"artemis hospital, gurugram",1,1,2
2020-08-19,"metro hospital, faridabad",12,0,12
2020-08-19,"qrg central, faridabad",4,1,5
2020-08-19,"qrg medicare, faridabad",12,0,12
2020-08-19,"sarvoday hospital, faridabad",5,0,5
2020-08-19,"escorts fortis, faridabad",3,0,3
2020-08-19,"asian hospital, faridabad",5,1,6
2020-08-19,total,142,16,158
2020-08-20,"pt bd sharma pgims, rohtak",15,2,17
2020-08-20,"bpsgmc, khanpur kalan, sonepat",13,3,16
2020-08-20,"shkm govt. medical college nalhar, nuh",6,0,6
2020-08-20,"kcgmc, karnal",12,1,13
2020-08-20,"mamc, agroha, hisar",9,1,10
2020-08-20,"esic medical college and hospital, faridabad",19,3,22
2020-08-20,"adesh medical college, kurukshetra",4,1,5
2020-08-20,"mm institute of medical sciences & research, mulana",14,3,17
2020-08-20,"artemis hospital, gurugram",1,1,2
2020-08-20,"metro hospital, faridabad",15,0,15
2020-08-20,"qrg central, faridabad",2,1,3
2020-08-20,"qrg medicare, faridabad",10,0,10
2020-08-20,"sarvoday hospital, faridabad",6,0,6
2020-08-20,"escorts fortis, faridabad",7,0,7
2020-08-20,"asian hospital, faridabad",6,1,7
2020-08-20,"alchemist hospital, panchkula",3,4,7
2020-08-20,"paras hospital, panchkula",11,1,12
2020-08-20,"ojas hospital, panchkula",4,0,4
2020-08-20,"civil hospital, panchkula",7,1,8
2020-08-20,total,164,23,187
2020-08-21,"pt bd sharma pgims, rohtak",20,2,22
2020-08-21,"bpsgmc, khanpur kalan, sonepat",13,1,14
2020-08-21,"shkm govt. medical college nalhar, nuh",6,0,6
2020-08-21,"kcgmc, karnal",14,3,17
2020-08-21,"mamc, agroha, hisar",13,2,15
2020-08-21,"esic medical college and hospital, faridabad",18,3,21
2020-08-21,"adesh medical college, kurukshetra",4,0,4
2020-08-21,"mm institute of medical sciences & research, mulana",16,4,20
2020-08-21,"artemis hospital, gurugram",1,1,2
2020-08-21,"metro hospital, faridabad",16,0,16
2020-08-21,"qrg central, faridabad",2,1,3
2020-08-21,"qrg medicare, faridabad",7,0,7
2020-08-21,"sarvoday hospital, faridabad",6,0,6
2020-08-21,"escorts fortis, faridabad",7,0,7
2020-08-21,"asian hospital, faridabad",5,2,7
2020-08-21,"alchemist hospital, panchkula",6,4,10
2020-08-21,"paras hospital, panchkula",13,1,14
2020-08-21,"ojas hospital, panchkula",3,1,4
2020-08-21,"civil hospital, panchkula",7,1,8
2020-08-21,total,177,26,203
2020-08-22,"pt bd sharma pgims, rohtak",16,2,18
2020-08-22,"bpsgmc, khanpur kalan, sonepat",14,1,15
2020-08-22,"shkm govt. medical college nalhar, nuh",4,0,4
2020-08-22,"kcgmc, karnal",16,5,21
2020-08-22,"mamc, agroha, hisar",13,1,14
2020-08-22,"esic medical college and hospital, faridabad",16,3,19
2020-08-22,"adesh medical college, kurukshetra",11,1,12
2020-08-22,"mm institute of medical sciences & research, mulana",16,5,21
2020-08-22,"artemis hospital, gurugram",1,1,2
2020-08-22,"metro hospital, faridabad",14,0,14
2020-08-22,"qrg central, faridabad",3,1,4
2020-08-22,"qrg medicare, faridabad",9,1,10
2020-08-22,"sarvoday hospital, faridabad",7,0,7
2020-08-22,"escorts fortis, faridabad",5,0,5
2020-08-22,"asian hospital, faridabad",7,2,9
2020-08-22,"alchemist hospital, panchkula",6,3,9
2020-08-22,"paras hospital, panchkula",13,0,13
2020-08-22,"ojas hospital, panchkula",5,1,6
2020-08-22,"civil hospital, panchkula",6,1,7
2020-08-22,"lnjp civil hospital, kurukshetra",7,0,7
2020-08-22,total,189,28,217
2020-08-23,"pt bd sharma pgims, rohtak",20,2,22
2020-08-23,"bpsgmc, khanpur kalan, sonepat",17,1,18
2020-08-23,"shkm govt. medical college nalhar, nuh",4,0,4
2020-08-23,"kcgmc, karnal",14,5,19
2020-08-23,"mamc, agroha, hisar",13,1,14
2020-08-23,"esic medical college and hospital, faridabad",18,5,23
2020-08-23,"adesh medical college, kurukshetra",11,1,12
2020-08-23,"mm institute of medical sciences & research, mulana",15,4,19
2020-08-23,"artemis hospital, gurugram",1,1,2
2020-08-23,"metro hospital, faridabad",14,0,14
2020-08-23,"qrg central, faridabad",3,1,4
2020-08-23,"qrg medicare, faridabad",9,1,10
2020-08-23,"sarvoday hospital, faridabad",7,0,7
2020-08-23,"escorts fortis, faridabad",5,0,5
2020-08-23,"asian hospital, faridabad",7,2,9
2020-08-23,"alchemist hospital, panchkula",8,3,11
2020-08-23,"paras hospital, panchkula",16,0,16
2020-08-23,"ojas hospital, panchkula",5,1,6
2020-08-23,"civil hospital, panchkula",10,1,11
2020-08-23,"lnjp civil hospital, kurukshetra",6,0,6
2020-08-23,total,203,29,232
2020-08-24,"pt bd sharma pgims, rohtak",21,2,23
2020-08-24,"bpsgmc, khanpur kalan, sonepat",16,1,17
2020-08-24,"shkm govt. medical college nalhar, nuh",4,0,4
2020-08-24,"kcgmc, karnal",14,5,19
2020-08-24,"mamc, agroha, hisar",13,1,14
2020-08-24,"esic medical college and hospital, faridabad",18,2,20
2020-08-24,"adesh medical college, kurukshetra",10,1,11
2020-08-24,"mm institute of medical sciences & research, mulana",14,5,19
2020-08-24,"artemis hospital, gurugram",1,1,2
2020-08-24,"metro hospital, faridabad",9,0,9
2020-08-24,"qrg central, faridabad",2,0,2
2020-08-24,"qrg medicare, faridabad",11,2,13
2020-08-24,"sarvoday hospital, faridabad",9,0,9
2020-08-24,"escorts fortis, faridabad",5,1,6
2020-08-24,"asian hospital, faridabad",7,2,9
2020-08-24,"alchemist hospital, panchkula",8,3,11
2020-08-24,"paras hospital, panchkula",13,0,13
2020-08-24,"ojas hospital, panchkula",5,0,5
2020-08-24,"civil hospital, panchkula",11,1,12
2020-08-24,"lnjp civil hospital, kurukshetra",6,0,6
2020-08-24,total,197,27,224
2020-08-25,"pt bd sharma pgims, rohtak",26,2,28
2020-08-25,"bpsgmc, khanpur kalan, sonepat",9,3,12
2020-08-25,"shkm govt. medical college nalhar, nuh",4,0,4
2020-08-25,"kcgmc, karnal",2,5,7
2020-08-25,"mamc, agroha, hisar",17,1,18
2020-08-25,"esic medical college and hospital, faridabad",17,2,19
2020-08-25,"adesh medical college, kurukshetra",9,1,10
2020-08-25,"mm institute of medical sciences & research, mulana",5,5,10
2020-08-25,"artemis hospital, gurugram",1,1,2
2020-08-25,"metro hospital, faridabad",10,0,10
2020-08-25,"qrg central, faridabad",2,0,2
2020-08-25,"qrg medicare, faridabad",9,2,11
2020-08-25,"sarvoday hospital, faridabad",11,0,11
2020-08-25,"escorts fortis, faridabad",5,1,6
2020-08-25,"asian hospital, faridabad",6,2,8
2020-08-25,"alchemist hospital, panchkula",12,0,12
2020-08-25,"paras hospital, panchkula",13,0,13
2020-08-25,"ojas hospital, panchkula",14,1,15
2020-08-25,"civil hospital, panchkula",16,0,16
2020-08-25,"lnjp civil hospital, kurukshetra",6,0,6
2020-08-25,total,194,26,220
2020-08-26,"pt bd sharma pgims, rohtak",21,2,23
2020-08-26,"bpsgmc, khanpur kalan, sonepat",15,3,18
2020-08-26,"shkm govt. medical college nalhar, nuh",4,0,4
2020-08-26,"kcgmc, karnal",14,5,19
2020-08-26,"mamc, agroha, hisar",14,1,15
2020-08-26,"esic medical college and hospital, faridabad",17,3,20
2020-08-26,"adesh medical college, kurukshetra",10,1,11
2020-08-26,"mm institute of medical sciences & research, mulana",12,4,16
2020-08-26,"artemis hospital, gurugram",1,1,2
2020-08-26,"metro hospital, faridabad",8,0,8
2020-08-26,"qrg central, faridabad",3,0,3
2020-08-26,"qrg medicare, faridabad",6,2,8
2020-08-26,"sarvoday hospital, faridabad",11,0,11
2020-08-26,"escorts fortis, faridabad",2,1,3
2020-08-26,"asian hospital, faridabad",5,1,6
2020-08-26,"alchemist hospital, panchkula",10,2,12
2020-08-26,"paras hospital, panchkula",12,0,12
2020-08-26,"ojas hospital, panchkula",4,1,5
2020-08-26,"civil hospital, panchkula",15,0,15
2020-08-26,"lnjp civil hospital, kurukshetra",6,0,6
2020-08-26,total,190,27,217
2020-08-27,"pt bd sharma pgims, rohtak",21,2,23
2020-08-27,"bpsgmc, khanpur kalan, sonepat",10,5,15
2020-08-27,"shkm govt. medical college nalhar, nuh",3,0,3
2020-08-27,"kcgmc, karnal",16,5,21
2020-08-27,"mamc, agroha, hisar",14,1,15
2020-08-27,"esic medical college and hospital, faridabad",16,5,21
2020-08-27,"adesh medical college, kurukshetra",11,1,12
2020-08-27,"mm institute of medical sciences & research, mulana",11,6,17
2020-08-27,"sgt medical college & hospital & research institute, budhera, gurugram",1,0,1
2020-08-27,"artemis hospital, gurugram",1,1,2
2020-08-27,"metro hospital, faridabad",7,0,7
2020-08-27,"qrg central, faridabad",3,0,3
2020-08-27,"qrg medicare, faridabad",9,2,11
2020-08-27,"sarvoday hospital, faridabad",9,0,9
2020-08-27,"escorts fortis, faridabad",1,1,2
2020-08-27,"asian hospital, faridabad",5,2,7
2020-08-27,"alchemist hospital, panchkula",9,3,12
2020-08-27,"paras hospital, panchkula",12,1,13
2020-08-27,"ojas hospital, panchkula",4,1,5
2020-08-27,"civil hospital, panchkula",12,1,13
2020-08-27,"lnjp civil hospital, kurukshetra",6,0,6
2020-08-27,total,181,37,218
2020-08-28,"pt bd sharma pgims, rohtak",21,2,23
2020-08-28,"bpsgmc, khanpur kalan, sonepat",7,5,12
2020-08-28,"shkm govt. medical college nalhar, nuh",3,0,3
2020-08-28,"kcgmc, karnal",16,5,21
2020-08-28,"mamc, agroha, hisar",14,0,14
2020-08-28,"esic medical college and hospital, faridabad",14,7,21
2020-08-28,"adesh medical college, kurukshetra",10,0,10
2020-08-28,"mm institute of medical sciences & research, mulana",10,4,14
2020-08-28,"sgt medical college & hospital & research institute, budhera, gurugram",1,0,1
2020-08-28,"artemis hospital, gurugram",1,1,2
2020-08-28,"metro hospital, faridabad",5,0,5
2020-08-28,"qrg central, faridabad",2,0,2
2020-08-28,"qrg medicare, faridabad",10,2,12
2020-08-28,"sarvoday hospital, faridabad",10,0,10
2020-08-28,"escorts fortis, faridabad",1,1,2
2020-08-28,"asian hospital, faridabad",4,2,6
2020-08-28,"alchemist hospital, panchkula",11,1,12
2020-08-28,"paras hospital, panchkula",16,1,17
2020-08-28,"ojas hospital, panchkula",3,1,4
2020-08-28,"civil hospital, panchkula",5,1,6
2020-08-28,"lnjp civil hospital, kurukshetra",6,0,6
2020-08-28,total,170,33,203
2020-08-29,"pt bd sharma pgims, rohtak",21,2,23
2020-08-29,"bpsgmc, khanpur kalan, sonepat",5,5,10
2020-08-29,"shkm govt. medical college nalhar, nuh",3,0,3
2020-08-29,"kcgmc, karnal",14,4,18
2020-08-29,"mamc, agroha, hisar",12,1,13
2020-08-29,"esic medical college and hospital, faridabad",17,11,28
2020-08-29,"adesh medical college, kurukshetra",10,0,10
2020-08-29,"mm institute of medical sciences & research, mulana",17,4,21
2020-08-29,"sgt medical college & hospital & research institute, budhera, gurugram",1,0,1
2020-08-29,"world college of medical sciences, jhajjar",1,0,1
2020-08-29,"artemis hospital, gurugram",1,1,2
2020-08-29,"metro hospital, faridabad",1,0,1
2020-08-29,"qrg central, faridabad",1,0,1
2020-08-29,"qrg medicare, faridabad",12,2,14
2020-08-29,"sarvoday hospital, faridabad",7,0,7
2020-08-29,"escorts fortis, faridabad",1,1,2
2020-08-29,"asian hospital, faridabad",5,2,7
2020-08-29,"alchemist hospital, panchkula",14,1,15
2020-08-29,"paras hospital, panchkula",18,1,19
2020-08-29,"ojas hospital, panchkula",3,1,4
2020-08-29,"civil hospital, panchkula",8,0,8
2020-08-29,"lnjp civil hospital, kurukshetra",6,0,6
2020-08-29,total,178,36,214
2020-08-30,"pt bd sharma pgims, rohtak",17,2,19
2020-08-30,"bpsgmc, khanpur kalan, sonepat",9,5,14
2020-08-30,"shkm govt. medical college nalhar, nuh",4,0,4
2020-08-30,"kcgmc, karnal",14,4,18
2020-08-30,"mamc, agroha, hisar",13,0,13
2020-08-30,"esic medical college and hospital, faridabad",18,10,28
2020-08-30,"adesh medical college, kurukshetra",8,1,9
2020-08-30,"mm institute of medical sciences & research, mulana",22,4,26
2020-08-30,"sgt medical college & hospital & research institute, budhera, gurugram",1,0,1
2020-08-30,"world college of medical sciences, jhajjar",1,0,1
2020-08-30,"artemis hospital, gurugram",1,1,2
2020-08-30,"metro hospital, faridabad",14,0,14
2020-08-30,"qrg central, faridabad",1,0,1
2020-08-30,"qrg medicare, faridabad",11,2,13
2020-08-30,"sarvoday hospital, faridabad",6,0,6
2020-08-30,"escorts fortis, faridabad",0,1,1
2020-08-30,"asian hospital, faridabad",7,2,9
2020-08-30,"alchemist hospital, panchkula",13,0,13
2020-08-30,"paras hospital, panchkula",17,0,17
2020-08-30,"ojas hospital, panchkula",3,1,4
2020-08-30,"civil hospital, panchkula",17,0,17
2020-08-30,"lnjp civil hospital, kurukshetra",7,0,7
2020-08-30,total,204,33,237
2020-08-31,"pt bd sharma pgims, rohtak",19,2,21
2020-08-31,"bpsgmc, khanpur kalan, sonepat",12,5,17
2020-08-31,"shkm govt. medical college nalhar, nuh",2,0,2
2020-08-31,"kcgmc, karnal",17,4,21
2020-08-31,"mamc, agroha, hisar",23,0,23
2020-08-31,"esic medical college and hospital, faridabad",19,10,29
2020-08-31,"adesh medical college, kurukshetra",7,0,7
2020-08-31,"mm institute of medical sciences & research, mulana",19,6,25
2020-08-31,"sgt medical college & hospital & research institute, budhera, gurugram",1,0,1
2020-08-31,"world college of medical sciences, jhajjar",1,0,1
2020-08-31,"artemis hospital, gurugram",1,1,2
2020-08-31,"metro hospital, faridabad",14,0,14
2020-08-31,"qrg central, faridabad",1,0,1
2020-08-31,"qrg medicare, faridabad",11,2,13
2020-08-31,"sarvoday hospital, faridabad",6,0,6
2020-08-31,"escorts fortis, faridabad",0,1,1
2020-08-31,"asian hospital, faridabad",7,2,9
2020-08-31,"alchemist hospital, panchkula",15,0,15
2020-08-31,"paras hospital, panchkula",17,0,17
2020-08-31,"ojas hospital, panchkula",1,1,2
2020-08-31,"civil hospital, panchkula",17,0,17
2020-08-31,"lnjp civil hospital, kurukshetra",7,0,7
2020-08-31,total,217,34,251
2020-09-01,"pt bd sharma pgims, rohtak",19,2,21
2020-09-01,"bpsgmc, khanpur kalan, sonepat",11,5,16
2020-09-01,"shkm govt. medical college nalhar, nuh",2,0,2
2020-09-01,"kcgmc, karnal",18,7,25
2020-09-01,"mamc, agroha, hisar",21,0,21
2020-09-01,"esic medical college and hospital, faridabad",18,9,27
2020-09-01,"adesh medical college, kurukshetra",8,3,11
2020-09-01,"mm institute of medical sciences & research, mulana",20,7,27
2020-09-01,"sgt medical college & hospital & research institute, budhera, gurugram",1,0,1
2020-09-01,"artemis hospital, gurugram",1,1,2
2020-09-01,"metro hospital, faridabad",2,0,2
2020-09-01,"qrg central, faridabad",2,0,2
2020-09-01,"qrg medicare, faridabad",11,2,13
2020-09-01,"sarvoday hospital, faridabad",7,0,7
2020-09-01,"escorts fortis, faridabad",4,1,5
2020-09-01,"asian hospital, faridabad",7,3,10
2020-09-01,"alchemist hospital, panchkula",14,1,15
2020-09-01,"paras hospital, panchkula",16,0,16
2020-09-01,"ojas hospital, panchkula",0,1,1
2020-09-01,"civil hospital, panchkula",18,0,18
2020-09-01,"lnjp civil hospital, kurukshetra",7,0,7
2020-09-01,total,207,42,249
2020-09-02,"pt bd sharma pgims, rohtak",27,2,29
2020-09-02,"bpsgmc, khanpur kalan, sonepat",14,3,17
2020-09-02,"shkm govt. medical college nalhar, nuh",5,0,5
2020-09-02,"kcgmc, karnal",18,6,24
2020-09-02,"mamc, agroha, hisar",20,0,20
2020-09-02,"esic medical college and hospital, faridabad",14,8,22
2020-09-02,"adesh medical college, kurukshetra",10,2,12
2020-09-02,"mm institute of medical sciences & research, mulana",22,5,27
2020-09-02,"sgt medical college & hospital & research institute, budhera, gurugram",1,1,2
2020-09-02,"artemis hospital, gurugram",1,1,2
2020-09-02,"metro hospital, faridabad",2,0,2
2020-09-02,"qrg central, faridabad",5,0,5
2020-09-02,"qrg medicare, faridabad",10,2,12
2020-09-02,"sarvoday hospital, faridabad",8,0,8
2020-09-02,"escorts fortis, faridabad",5,0,5
2020-09-02,"asian hospital, faridabad",6,3,9
2020-09-02,"alchemist hospital, panchkula",15,1,16
2020-09-02,"paras hospital, panchkula",14,0,14
2020-09-02,"ojas hospital, panchkula",1,2,3
2020-09-02,"civil hospital, panchkula",14,0,14
2020-09-02,"lnjp civil hospital, kurukshetra",7,0,7
2020-09-02,total,219,36,255
2020-09-03,"pt bd sharma pgims, rohtak",22,1,23
2020-09-03,"bpsgmc, khanpur kalan, sonepat",11,5,16
2020-09-03,"shkm govt. medical college nalhar, nuh",3,0,3
2020-09-03,"kcgmc, karnal",18,7,25
2020-09-03,"mamc, agroha, hisar",16,0,16
2020-09-03,"esic medical college and hospital, faridabad",12,7,19
2020-09-03,"adesh medical college, kurukshetra",8,3,11
2020-09-03,"al-falah medical college, faridabad",1,0,1
2020-09-03,"mm institute of medical sciences & research, mulana",21,6,27
2020-09-03,"sgt medical college & hospital & research institute, budhera, gurugram",1,1,2
2020-09-03,"artemis hospital, gurugram",1,1,2
2020-09-03,"metro hospital, faridabad",2,0,2
2020-09-03,"qrg central, faridabad",3,0,3
2020-09-03,"qrg medicare, faridabad",9,1,10
2020-09-03,"sarvoday hospital, faridabad",7,0,7
2020-09-03,"escorts fortis, faridabad",3,0,3
2020-09-03,"asian hospital, faridabad",6,3,9
2020-09-03,"alchemist hospital, panchkula",12,1,13
2020-09-03,"paras hospital, panchkula",18,0,18
2020-09-03,"ojas hospital, panchkula",3,1,4
2020-09-03,"civil hospital, panchkula",23,0,23
2020-09-03,"lnjp civil hospital, kurukshetra",7,0,7
2020-09-03,total,207,37,244
2020-09-04,"pt bd sharma pgims, rohtak",19,1,20
2020-09-04,"bpsgmc, khanpur kalan, sonepat",10,6,16
2020-09-04,"shkm govt. medical college nalhar, nuh",4,0,4
2020-09-04,"kcgmc, karnal",18,6,24
2020-09-04,"mamc, agroha, hisar",11,0,11
2020-09-04,"esic medical college and hospital, faridabad",10,9,19
2020-09-04,"adesh medical college, kurukshetra",8,2,10
2020-09-04,"al-falah medical college, faridabad",1,0,1
2020-09-04,"mm institute of medical sciences & research, mulana",17,5,22
2020-09-04,"sgt medical college & hospital & research institute, budhera, gurugram",1,1,2
2020-09-04,"artemis hospital, gurugram",1,1,2
2020-09-04,"metro hospital, faridabad",3,0,3
2020-09-04,"qrg central, faridabad",2,0,2
2020-09-04,"qrg medicare, faridabad",11,0,11
2020-09-04,"sarvoday hospital, faridabad",6,1,7
2020-09-04,"escorts fortis, faridabad",2,0,2
2020-09-04,"asian hospital, faridabad",3,2,5
2020-09-04,"alchemist hospital, panchkula",13,1,14
2020-09-04,"paras hospital, panchkula",14,0,14
2020-09-04,"ojas hospital, panchkula",2,2,4
2020-09-04,"civil hospital, panchkula",22,0,22
2020-09-04,"lnjp civil hospital, kurukshetra",7,0,7
2020-09-04,total,185,37,222
2020-09-05,"pt bd sharma pgims, rohtak",19,0,19
2020-09-05,"bpsgmc, khanpur kalan, sonepat",10,8,18
2020-09-05,"shkm govt. medical college nalhar, nuh",5,0,5
2020-09-05,"kcgmc, karnal",23,6,29
2020-09-05,"mamc, agroha, hisar",12,0,12
2020-09-05,"esic medical college and hospital, faridabad",15,8,23
2020-09-05,"adesh medical college, kurukshetra",8,1,9
2020-09-05,"al-falah medical college, faridabad",1,0,1
2020-09-05,"mm institute of medical sciences & research, mulana",12,8,20
2020-09-05,"sgt medical college & hospital & research institute, budhera, gurugram",1,1,2
2020-09-05,"artemis hospital, gurugram",1,1,2
2020-09-05,"metro hospital, faridabad",3,0,3
2020-09-05,"qrg central, faridabad",4,0,4
2020-09-05,"qrg medicare, faridabad",14,0,14
2020-09-05,"sarvoday hospital, faridabad",8,1,9
2020-09-05,"escorts fortis, faridabad",2,0,2
2020-09-05,"asian hospital, faridabad",5,2,7
2020-09-05,"alchemist hospital, panchkula",17,2,19
2020-09-05,"paras hospital, panchkula",14,0,14
2020-09-05,"ojas hospital, panchkula",4,1,5
2020-09-05,"civil hospital, panchkula",17,0,17
2020-09-05,"lnjp civil hospital, kurukshetra",7,0,7
2020-09-05,total,202,39,241
2020-09-06,"pt bd sharma pgims, rohtak",18,2,20
2020-09-06,"bpsgmc, khanpur kalan, sonepat",12,6,18
2020-09-06,"shkm govt. medical college nalhar, nuh",4,0,4
2020-09-06,"kcgmc, karnal",23,6,29
2020-09-06,"mamc, agroha, hisar",12,0,12
2020-09-06,"esic medical college and hospital, faridabad",17,6,23
2020-09-06,"adesh medical college, kurukshetra",6,1,7
2020-09-06,"al-falah medical college, faridabad",1,0,1
2020-09-06,"mm institute of medical sciences & research, mulana",15,8,23
2020-09-06,"sgt medical college & hospital & research institute, budhera, gurugram",1,1,2
2020-09-06,"artemis hospital, gurugram",1,1,2
2020-09-06,"metro hospital, faridabad",2,0,2
2020-09-06,"qrg central, faridabad",4,0,4
2020-09-06,"qrg medicare, faridabad",18,0,18
2020-09-06,"sarvoday hospital, faridabad",8,1,9
2020-09-06,"escorts fortis, faridabad",3,0,3
2020-09-06,"asian hospital, faridabad",7,2,9
2020-09-06,"alchemist hospital, panchkula",14,2,16
2020-09-06,"paras hospital, panchkula",15,1,16
2020-09-06,"ojas hospital, panchkula",5,0,5
2020-09-06,"civil hospital, panchkula",25,0,25
2020-09-06,"lnjp civil hospital, kurukshetra",7,0,7
2020-09-06,total,218,37,255
2020-09-07,"pt bd sharma pgims, rohtak",21,1,22
2020-09-07,"bpsgmc, khanpur kalan, sonepat",11,7,18
2020-09-07,"shkm govt. medical college nalhar, nuh",6,0,6
2020-09-07,"kcgmc, karnal",23,7,30
2020-09-07,"mamc, agroha, hisar",18,0,18
2020-09-07,"esic medical college and hospital, faridabad",18,5,23
2020-09-07,"adesh medical college, kurukshetra",6,1,7
2020-09-07,"al-falah medical college, faridabad",1,0,1
2020-09-07,"mm institute of medical sciences & research, mulana",19,7,26
2020-09-07,"sgt medical college & hospital & research institute, budhera, gurugram",1,1,2
2020-09-07,"artemis hospital, gurugram",1,1,2
2020-09-07,"metro hospital, faridabad",6,1,7
2020-09-07,"qrg central, faridabad",3,0,3
2020-09-07,"qrg medicare, faridabad",17,0,17
2020-09-07,"sarvoday hospital, faridabad",11,0,11
2020-09-07,park hospital,1,0,1
2020-09-07,"escorts fortis, faridabad",3,0,3
2020-09-07,"asian hospital, faridabad",5,2,7
2020-09-07,"alchemist hospital, panchkula",10,3,13
2020-09-07,"paras hospital, panchkula",17,1,18
2020-09-07,"ojas hospital, panchkula",10,0,10
2020-09-07,"civil hospital, panchkula",25,0,25
2020-09-07,"lnjp civil hospital, kurukshetra",7,0,7
2020-09-07,total,240,37,277
2020-09-08,"pt bd sharma pgims, rohtak",23,1,24
2020-09-08,"bpsgmc, khanpur kalan, sonepat",18,6,24
2020-09-08,"shkm govt. medical college nalhar, nuh",6,0,6
2020-09-08,"kcgmc, karnal",23,6,29
2020-09-08,"mamc, agroha, hisar",18,0,18
2020-09-08,"esic medical college and hospital, faridabad",19,6,25
2020-09-08,"adesh medical college, kurukshetra",4,1,5
2020-09-08,"mm institute of medical sciences & research, mulana",19,8,27
2020-09-08,"sgt medical college & hospital & research institute, budhera, gurugram",1,1,2
2020-09-08,"artemis hospital, gurugram",1,1,2
2020-09-08,"metro hospital, faridabad",7,1,8
2020-09-08,"qrg central, faridabad",5,0,5
2020-09-08,"qrg medicare, faridabad",11,0,11
2020-09-08,"sarvoday hospital, faridabad",11,0,11
2020-09-08,park hospital,1,0,1
2020-09-08,"escorts fortis, faridabad",4,0,4
2020-09-08,"asian hospital, faridabad",5,2,7
2020-09-08,"alchemist hospital, panchkula",9,3,12
2020-09-08,"paras hospital, panchkula",20,0,20
2020-09-08,"ojas hospital, panchkula",9,1,10
2020-09-08,"civil hospital, panchkula",27,0,27
2020-09-08,"lnjp civil hospital, kurukshetra",7,0,7
2020-09-08,total,248,37,285
2020-09-09,"pt bd sharma pgims, rohtak",22,2,24
2020-09-09,"bpsgmc, khanpur kalan, sonepat",15,9,24
2020-09-09,"shkm govt. medical college nalhar, nuh",5,0,5
2020-09-09,"kcgmc, karnal",23,6,29
2020-09-09,"mamc, agroha, hisar",15,0,15
2020-09-09,"esic medical college and hospital, faridabad",19,7,26
2020-09-09,"adesh medical college, kurukshetra",3,2,5
2020-09-09,"mm institute of medical sciences & research, mulana",21,8,29
2020-09-09,"sgt medical college & hospital & research institute, budhera, gurugram",0,1,1
2020-09-09,"artemis hospital, gurugram",1,1,2
2020-09-09,"metro hospital, faridabad",7,1,8
2020-09-09,"qrg central, faridabad",8,0,8
2020-09-09,"qrg medicare, faridabad",10,0,10
2020-09-09,"sarvoday hospital, faridabad",9,1,10
2020-09-09,park hospital,1,1,2
2020-09-09,"escorts fortis, faridabad",6,0,6
2020-09-09,"asian hospital, faridabad",4,3,7
2020-09-09,"alchemist hospital, panchkula",11,4,15
2020-09-09,"paras hospital, panchkula",15,0,15
2020-09-09,"ojas hospital, panchkula",7,2,9
2020-09-09,"civil hospital, panchkula",27,0,27
2020-09-09,"lnjp civil hospital, kurukshetra",7,0,7
2020-09-09,total,236,48,284
2020-09-10,"pt bd sharma pgims, rohtak",22,1,23
2020-09-10,"bpsgmc, khanpur kalan, sonepat",12,9,21
2020-09-10,"shkm govt. medical college nalhar, nuh",5,0,5
2020-09-10,"kcgmc, karnal",23,5,28
2020-09-10,"mamc, agroha, hisar",12,0,12
2020-09-10,"esic medical college and hospital, faridabad",16,8,24
2020-09-10,"adesh medical college, kurukshetra",4,2,6
2020-09-10,"mm institute of medical sciences & research, mulana",21,8,29
2020-09-10,"sgt medical college & hospital & research institute, budhera, gurugram",0,1,1
2020-09-10,"artemis hospital, gurugram",1,1,2
2020-09-10,"metro hospital, faridabad",8,1,9
2020-09-10,"qrg central, faridabad",11,0,11
2020-09-10,"qrg medicare, faridabad",12,0,12
2020-09-10,"sarvoday hospital, faridabad",8,0,8
2020-09-10,park hospital,2,1,3
2020-09-10,"escorts fortis, faridabad",6,0,6
2020-09-10,"asian hospital, faridabad",6,2,8
2020-09-10,"alchemist hospital, panchkula",14,2,16
2020-09-10,"paras hospital, panchkula",18,1,19
2020-09-10,"ojas hospital, panchkula",9,2,11
2020-09-10,"civil hospital, panchkula",30,0,30
2020-09-10,"lnjp civil hospital, kurukshetra",7,0,7
2020-09-10,total,247,44,291
2020-09-11,"pt bd sharma pgims, rohtak",22,1,23
2020-09-11,"bpsgmc, khanpur kalan, sonepat",17,8,25
2020-09-11,"shkm govt. medical college nalhar, nuh",6,0,6
2020-09-11,"kcgmc, karnal",34,7,41
2020-09-11,"mamc, agroha, hisar",14,0,14
2020-09-11,"esic medical college and hospital, faridabad",12,10,22
2020-09-11,"adesh medical college, kurukshetra",8,0,8
2020-09-11,"mm institute of medical sciences & research, mulana",21,9,30
2020-09-11,"sgt medical college & hospital & research institute, budhera, gurugram",0,1,1
2020-09-11,"artemis hospital, gurugram",1,1,2
2020-09-11,"metro hospital, faridabad",7,1,8
2020-09-11,"qrg central, faridabad",11,0,11
2020-09-11,"qrg medicare, faridabad",18,0,18
2020-09-11,"sarvoday hospital, faridabad",11,0,11
2020-09-11,park hospital,2,1,3
2020-09-11,"escorts fortis, faridabad",7,0,7
2020-09-11,"asian hospital, faridabad",6,2,8
2020-09-11,"alchemist hospital, panchkula",15,3,18
2020-09-11,"paras hospital, panchkula",19,1,20
2020-09-11,"ojas hospital, panchkula",9,1,10
2020-09-11,"civil hospital, panchkula",32,0,32
2020-09-11,"lnjp civil hospital, kurukshetra",7,0,7
2020-09-11,total,279,46,325
2020-09-12,"pt bd sharma pgims, rohtak",18,3,21
2020-09-12,"bpsgmc, khanpur kalan, sonepat",18,7,25
2020-09-12,"shkm govt. medical college nalhar, nuh",6,0,6
2020-09-12,"kcgmc, karnal",34,6,40
2020-09-12,"mamc, agroha, hisar",12,0,12
2020-09-12,"esic medical college and hospital, faridabad",14,7,21
2020-09-12,"adesh medical college, kurukshetra",6,1,7
2020-09-12,"mm institute of medical sciences & research, mulana",22,10,32
2020-09-12,"sgt medical college & hospital & research institute, budhera, gurugram",1,1,2
2020-09-12,"artemis hospital, gurugram",1,1,2
2020-09-12,"metro hospital, faridabad",7,1,8
2020-09-12,"qrg central, faridabad",11,0,11
2020-09-12,"qrg medicare, faridabad",18,0,18
2020-09-12,"sarvoday hospital, faridabad",11,0,11
2020-09-12,park hospital,2,1,3
2020-09-12,"escorts fortis, faridabad",7,0,7
2020-09-12,"asian hospital, faridabad",6,0,6
2020-09-12,"alchemist hospital, panchkula",17,3,20
2020-09-12,"paras hospital, panchkula",20,0,20
2020-09-12,"ojas hospital, panchkula",10,1,11
2020-09-12,"civil hospital, panchkula",32,0,32
2020-09-12,"lnjp civil hospital, kurukshetra",7,0,7
2020-09-12,total,280,42,322
2020-09-13,"pt bd sharma pgims, rohtak",19,2,21
2020-09-13,"bpsgmc, khanpur kalan, sonepat",17,6,23
2020-09-13,"shkm govt. medical college nalhar, nuh",3,1,4
2020-09-13,"kcgmc, karnal",34,6,40
2020-09-13,"mamc, agroha, hisar",13,0,13
2020-09-13,"esic medical college and hospital, faridabad",17,8,25
2020-09-13,"adesh medical college, kurukshetra",5,1,6
2020-09-13,"mm institute of medical sciences & research, mulana",26,12,38
2020-09-13,"sgt medical college & hospital & research institute, budhera, gurugram",2,0,2
2020-09-13,"world college of medical sciences, jhajjar",1,0,1
2020-09-13,"artemis hospital, gurugram",1,1,2
2020-09-13,"metro hospital, faridabad",6,0,6
2020-09-13,"qrg central, faridabad",12,1,13
2020-09-13,"qrg medicare, faridabad",18,0,18
2020-09-13,"sarvoday hospital, faridabad",9,0,9
2020-09-13,park hospital,1,0,1
2020-09-13,"escorts fortis, faridabad",8,0,8
2020-09-13,"asian hospital, faridabad",7,1,8
2020-09-13,"alchemist hospital, panchkula",17,3,20
2020-09-13,"paras hospital, panchkula",20,0,20
2020-09-13,"ojas hospital, panchkula",8,1,9
2020-09-13,"civil hospital, panchkula",25,0,25
2020-09-13,"lnjp civil hospital, kurukshetra",7,0,7
2020-09-13,total,276,43,319
2020-09-14,"pt bd sharma pgims, rohtak",21,2,23
2020-09-14,"bpsgmc, khanpur kalan, sonepat",15,7,22
2020-09-14,"shkm govt. medical college nalhar, nuh",4,1,5
2020-09-14,"kcgmc, karnal",32,6,38
2020-09-14,"mamc, agroha, hisar",13,0,13
2020-09-14,"esic medical college and hospital, faridabad",15,11,26
2020-09-14,"adesh medical college, kurukshetra",4,1,5
2020-09-14,"mm institute of medical sciences & research, mulana",26,12,38
2020-09-14,"sgt medical college & hospital & research institute, budhera, gurugram",2,0,2
2020-09-14,"world college of medical sciences, jhajjar",1,0,1
2020-09-14,"artemis hospital, gurugram",1,1,2
2020-09-14,"metro hospital, faridabad",8,0,8
2020-09-14,"qrg central, faridabad",11,0,11
2020-09-14,"qrg medicare, faridabad",19,1,20
2020-09-14,"sarvoday hospital, faridabad",5,1,6
2020-09-14,"park hospital, faridabad",1,1,2
2020-09-14,"escorts fortis, faridabad",8,0,8
2020-09-14,"asian hospital, faridabad",8,1,9
2020-09-14,"alchemist hospital, panchkula",16,3,19
2020-09-14,"paras hospital, panchkula",19,0,19
2020-09-14,"ojas hospital, panchkula",8,2,10
2020-09-14,"civil hospital, panchkula",25,0,25
2020-09-14,"lnjp civil hospital, kurukshetra",7,0,7
2020-09-14,total,269,50,319
2020-09-15,"pt bd sharma pgims, rohtak",21,2,23
2020-09-15,"bpsgmc, khanpur kalan, sonepat",20,4,24
2020-09-15,"shkm govt. medical college nalhar, nuh",4,2,6
2020-09-15,"kcgmc, karnal",32,8,40
2020-09-15,"mamc, agroha, hisar",11,0,11
2020-09-15,"esic medical college and hospital, faridabad",16,12,28
2020-09-15,"nc medical college, israna, panipat",2,0,2
2020-09-15,"adesh medical college, kurukshetra",4,2,6
2020-09-15,"mm institute of medical sciences & research, mulana",29,13,42
2020-09-15,"sgt medical college & hospital & research institute, budhera, gurugram",2,0,2
2020-09-15,"world college of medical sciences, jhajjar",1,0,1
2020-09-15,"aarvy hospital, gurugram",1,1,2
2020-09-15,narayana hospital gurugram,1,1,2
2020-09-15,"paras hospitals, gurugram",1,1,2
2020-09-15,"metro hospital, faridabad",9,1,10
2020-09-15,"qrg central, faridabad",7,1,8
2020-09-15,"qrg medicare, faridabad",13,1,14
2020-09-15,"sarvoday hospital, faridabad",6,1,7
2020-09-15,"park hospital, faridabad",1,1,2
2020-09-15,"escorts fortis, faridabad",7,0,7
2020-09-15,"asian hospital, faridabad",9,1,10
2020-09-15,"alchemist hospital, panchkula",16,3,19
2020-09-15,"paras hospital, panchkula",19,0,19
2020-09-15,"ojas hospital, panchkula",8,2,10
2020-09-15,"civil hospital, panchkula",25,0,25
2020-09-15,"lnjp civil hospital, kurukshetra",7,0,7
2020-09-15,total,272,57,329
2020-09-16,"pt bd sharma pgims, rohtak",21,1,22
2020-09-16,"bpsgmc, khanpur kalan, sonepat",15,10,25
2020-09-16,"shkm govt. medical college nalhar, nuh",6,1,7
2020-09-16,"kcgmc, karnal",38,8,46
2020-09-16,"mamc, agroha, hisar",14,1,15
2020-09-16,"esic medical college and hospital, faridabad",18,11,29
2020-09-16,"nc medical college, israna, panipat",1,0,1
2020-09-16,"adesh medical college, kurukshetra",5,3,8
2020-09-16,"mm institute of medical sciences & research, mulana",32,14,46
2020-09-16,"sgt medical college & hospital & research institute, budhera, gurugram",2,0,2
2020-09-16,"aarvy hospital, gurugram",1,1,2
2020-09-16,narayana hospital gurugram,1,1,2
2020-09-16,"paras hospitals, gurugram",1,1,2
2020-09-16,"metro hospital, faridabad",14,2,16
2020-09-16,"qrg central, faridabad",7,1,8
2020-09-16,"qrg medicare, faridabad",15,1,16
2020-09-16,"sarvoday hospital, faridabad",8,1,9
2020-09-16,"park hospital, faridabad",2,1,3
2020-09-16,"escorts fortis, faridabad",8,0,8
2020-09-16,"asian hospital, faridabad",6,2,8
2020-09-16,"alchemist hospital sector 21, panchkula",13,1,14
2020-09-16,"paras hospital, panchkula",21,0,21
2020-09-16,"alchemist hospital sector-26, panchkula",13,2,15
2020-09-16,"civil hospital, panchkula",31,0,31
2020-09-16,"lnjp civil hospital, kurukshetra",7,0,7
2020-09-16,total,300,63,363
2020-09-17,"pt bd sharma pgims, rohtak",23,1,24
2020-09-17,"bpsgmc, khanpur kalan, sonepat",18,8,26
2020-09-17,"shkm govt. medical college nalhar, nuh",7,2,9
2020-09-17,"kcgmc, karnal",38,9,47
2020-09-17,"mamc, agroha, hisar",12,0,12
2020-09-17,"esic medical college and hospital, faridabad",18,11,29
2020-09-17,"nc medical college, israna, panipat",3,0,3
2020-09-17,"adesh medical college, kurukshetra",7,1,8
2020-09-17,"mm institute of medical sciences & research, mulana",31,15,46
2020-09-17,"sgt medical college & hospital & research institute, budhera, gurugram",2,0,2
2020-09-17,"aarvy hospital, gurugram",1,1,2
2020-09-17,narayana hospital gurugram,1,1,2
2020-09-17,"paras hospitals, gurugram",1,1,2
2020-09-17,"metro hospital, faridabad",15,2,17
2020-09-17,"qrg central, faridabad",14,1,15
2020-09-17,"qrg medicare, faridabad",14,2,16
2020-09-17,"sarvoday hospital, faridabad",10,0,10
2020-09-17,"park hospital, faridabad",2,0,2
2020-09-17,"escorts fortis, faridabad",6,1,7
2020-09-17,"asian hospital, faridabad",7,2,9
2020-09-17,"alchemist hospital sector 21, panchkula",14,1,15
2020-09-17,"paras hospital, panchkula",20,0,20
2020-09-17,"alchemist hospital sector-26, panchkula",9,2,11
2020-09-17,"civil hospital, panchkula",33,0,33
2020-09-17,"lnjp civil hospital, kurukshetra",7,0,7
2020-09-17,total,313,61,374
2020-09-18,"pt bd sharma pgims, rohtak",24,1,25
2020-09-18,"bpsgmc, khanpur kalan, sonepat",21,8,29
2020-09-18,"shkm govt. medical college nalhar, nuh",8,2,10
2020-09-18,"kcgmc, karnal",36,12,48
2020-09-18,"mamc, agroha, hisar",11,0,11
2020-09-18,"esic medical college and hospital, faridabad",21,11,32
2020-09-18,"nc medical college, israna, panipat",3,0,3
2020-09-18,"adesh medical college, kurukshetra",4,2,6
2020-09-18,"mm institute of medical sciences & research, mulana",31,16,47
2020-09-18,"sgt medical college & hospital & research institute, budhera, gurugram",2,0,2
2020-09-18,"aarvy hospital, gurugram",1,1,2
2020-09-18,narayana hospital gurugram,1,1,2
2020-09-18,"paras hospitals, gurugram",1,1,2
2020-09-18,"metro hospital, faridabad",14,2,16
2020-09-18,"qrg central, faridabad",10,1,11
2020-09-18,"qrg medicare, faridabad",19,2,21
2020-09-18,"sarvoday hospital, faridabad",10,0,10
2020-09-18,"park hospital, faridabad",2,0,2
2020-09-18,"escorts fortis, faridabad",4,1,5
2020-09-18,"asian hospital, faridabad",7,2,9
2020-09-18,"alchemist hospital sector 21, panchkula",10,1,11
2020-09-18,"paras hospital, panchkula",19,1,20
2020-09-18,"alchemist hospital sector-26, panchkula",8,2,10
2020-09-18,"civil hospital, panchkula",37,1,38
2020-09-18,"lnjp civil hospital, kurukshetra",7,0,7
2020-09-18,total,311,68,379
2020-09-19,"pt bd sharma pgims, rohtak",20,1,21
2020-09-19,"bpsgmc, khanpur kalan, sonepat",17,9,26
2020-09-19,"shkm govt. medical college nalhar, nuh",6,3,9
2020-09-19,"kcgmc, karnal",40,13,53
2020-09-19,"mamc, agroha, hisar",13,1,14
2020-09-19,"esic medical college and hospital, faridabad",19,10,29
2020-09-19,"nc medical college, israna, panipat",3,0,3
2020-09-19,"adesh medical college, kurukshetra",5,1,6
2020-09-19,"mm institute of medical sciences & research, mulana",28,14,42
2020-09-19,"sgt medical college & hospital & research institute, budhera, gurugram",1,0,1
2020-09-19,"aarvy hospital, gurugram",1,1,2
2020-09-19,narayana hospital gurugram,1,1,2
2020-09-19,"paras hospitals, gurugram",1,1,2
2020-09-19,"metro hospital, faridabad",13,1,14
2020-09-19,"qrg central, faridabad",15,1,16
2020-09-19,"qrg medicare, faridabad",24,3,27
2020-09-19,"sarvoday hospital, faridabad",11,0,11
2020-09-19,"park hospital, faridabad",5,0,5
2020-09-19,"escorts fortis, faridabad",4,1,5
2020-09-19,"asian hospital, faridabad",8,2,10
2020-09-19,"alchemist hospital sector 21, panchkula",12,1,13
2020-09-19,"paras hospital, panchkula",20,0,20
2020-09-19,"alchemist hospital sector-26, panchkula",9,2,11
2020-09-19,"civil hospital, panchkula",40,0,40
2020-09-19,"lnjp civil hospital, kurukshetra",7,0,7
2020-09-19,total,323,66,389
2020-09-20,"pt bd sharma pgims, rohtak",28,1,29
2020-09-20,"bpsgmc, khanpur kalan, sonepat",17,9,26
2020-09-20,"shkm govt. medical college nalhar, nuh",5,0,5
2020-09-20,"kcgmc, karnal",45,12,57
2020-09-20,"mamc, agroha, hisar",13,1,14
2020-09-20,"esic medical college and hospital, faridabad",20,10,30
2020-09-20,"nc medical college, israna, panipat",3,0,3
2020-09-20,"adesh medical college, kurukshetra",3,1,4
2020-09-20,"mm institute of medical sciences & research, mulana",26,14,40
2020-09-20,"sgt medical college & hospital & research institute, budhera, gurugram",1,0,1
2020-09-20,"aarvy hospital, gurugram",1,1,2
2020-09-20,narayana hospital gurugram,1,1,2
2020-09-20,"paras hospitals, gurugram",1,1,2
2020-09-20,"metro hospital, faridabad",14,1,15
2020-09-20,"qrg central, faridabad",12,1,13
2020-09-20,"qrg medicare, faridabad",15,2,17
2020-09-20,"sarvoday hospital, faridabad",8,0,8
2020-09-20,"park hospital, faridabad",5,0,5
2020-09-20,"escorts fortis, faridabad",4,0,4
2020-09-20,"asian hospital, faridabad",10,2,12
2020-09-20,"alchemist hospital sector 21, panchkula",12,2,14
2020-09-20,"paras hospital, panchkula",21,0,21
2020-09-20,"alchemist hospital sector-26, panchkula",10,1,11
2020-09-20,"civil hospital, panchkula",36,0,36
2020-09-20,"lnjp civil hospital, kurukshetra",7,0,7
2020-09-20,total,318,60,378
2020-09-21,"pt bd sharma pgims, rohtak",26,1,27
2020-09-21,"bpsgmc, khanpur kalan, sonepat",16,9,25
2020-09-21,"shkm govt. medical college nalhar, nuh",5,0,5
2020-09-21,"kcgmc, karnal",45,12,57
2020-09-21,"mamc, agroha, hisar",12,0,12
2020-09-21,"esic medical college and hospital, faridabad",21,9,30
2020-09-21,"nc medical college, israna, panipat",3,0,3
2020-09-21,"adesh medical college, kurukshetra",5,1,6
2020-09-21,"mm institute of medical sciences & research, mulana",27,13,40
2020-09-21,"aarvy hospital, gurugram",1,1,2
2020-09-21,narayana hospital gurugram,1,1,2
2020-09-21,"paras hospitals, gurugram",1,1,2
2020-09-21,"metro hospital, faridabad",18,1,19
2020-09-21,"qrg central, faridabad",15,1,16
2020-09-21,"qrg medicare, faridabad",14,3,17
2020-09-21,"sarvoday hospital, faridabad",10,0,10
2020-09-21,"park hospital, faridabad",4,0,4
2020-09-21,"escorts fortis, faridabad",8,0,8
2020-09-21,"asian hospital, faridabad",5,3,8
2020-09-21,"alchemist hospital sector 21, panchkula",11,2,13
2020-09-21,"paras hospital, panchkula",19,0,19
2020-09-21,"alchemist hospital sector-26, panchkula",6,1,7
2020-09-21,"civil hospital, panchkula",39,0,39
2020-09-21,"lnjp civil hospital, kurukshetra",7,0,7
2020-09-21,total,319,59,378
2020-09-22,"pt bd sharma pgims, rohtak",24,0,24
2020-09-22,"bpsgmc, khanpur kalan, sonepat",16,9,25
2020-09-22,"shkm govt. medical college nalhar, nuh",6,0,6
2020-09-22,"kcgmc, karnal",48,14,62
2020-09-22,"mamc, agroha, hisar",13,0,13
2020-09-22,"esic medical college and hospital, faridabad",21,8,29
2020-09-22,"nc medical college, israna, panipat",3,0,3
2020-09-22,"adesh medical college, kurukshetra",2,0,2
2020-09-22,"mm institute of medical sciences & research, mulana",23,10,33
2020-09-22,"aarvy hospital, gurugram",1,1,2
2020-09-22,narayana hospital gurugram,1,1,2
2020-09-22,"paras hospitals, gurugram",1,1,2
2020-09-22,"metro hospital, faridabad",12,1,13
2020-09-22,"qrg central, faridabad",16,0,16
2020-09-22,"qrg medicare, faridabad",13,2,15
2020-09-22,"sarvoday hospital, faridabad",14,0,14
2020-09-22,"park hospital, faridabad",4,0,4
2020-09-22,"escorts fortis, faridabad",7,0,7
2020-09-22,"asian hospital, faridabad",6,3,9
2020-09-22,"alchemist hospital sector 21, panchkula",13,2,15
2020-09-22,"paras hospital, panchkula",22,1,23
2020-09-22,"alchemist hospital sector-26, panchkula",8,1,9
2020-09-22,"civil hospital, panchkula",42,0,42
2020-09-22,"lnjp civil hospital, kurukshetra",7,0,7
2020-09-22,total,323,54,377
2020-09-23,"pt bd sharma pgims, rohtak",24,0,24
2020-09-23,"bpsgmc, khanpur kalan, sonepat",49,10,59
2020-09-23,"shkm govt. medical college nalhar, nuh",5,0,5
2020-09-23,"kcgmc, karnal",49,15,64
2020-09-23,"mamc, agroha, hisar",13,0,13
2020-09-23,"esic medical college and hospital, faridabad",23,9,32
2020-09-23,"nc medical college, israna, panipat",1,0,1
2020-09-23,"adesh medical college, kurukshetra",1,0,1
2020-09-23,"mm institute of medical sciences & research, mulana",20,8,28
2020-09-23,"aarvy hospital, gurugram",1,1,2
2020-09-23,narayana hospital gurugram,1,1,2
2020-09-23,"paras hospitals, gurugram",1,1,2
2020-09-23,"metro hospital, faridabad",10,2,12
2020-09-23,"qrg central, faridabad",13,1,14
2020-09-23,"qrg medicare, faridabad",14,2,16
2020-09-23,"sarvoday hospital, faridabad",12,0,12
2020-09-23,"park hospital, faridabad",4,0,4
2020-09-23,"escorts fortis, faridabad",7,0,7
2020-09-23,"asian hospital, faridabad",2,1,3
2020-09-23,"alchemist hospital sector 21, panchkula",15,2,17
2020-09-23,"paras hospital, panchkula",20,2,22
2020-09-23,"alchemist hospital sector-26, panchkula",11,1,12
2020-09-23,"civil hospital, panchkula",42,0,42
2020-09-23,"lnjp civil hospital, kurukshetra",7,0,7
2020-09-23,total,345,56,401
2020-09-24,"pt bd sharma pgims, rohtak",23,0,23
2020-09-24,"bpsgmc, khanpur kalan, sonepat",36,13,49
2020-09-24,"shkm govt. medical college nalhar, nuh",4,0,4
2020-09-24,"kcgmc, karnal",49,13,62
2020-09-24,"mamc, agroha, hisar",13,0,13
2020-09-24,"esic medical college and hospital, faridabad",20,9,29
2020-09-24,"nc medical college, israna, panipat",1,0,1
2020-09-24,"adesh medical college, kurukshetra",1,0,1
2020-09-24,"mm institute of medical sciences & research, mulana",20,7,27
2020-09-24,"aarvy hospital, gurugram",1,1,2
2020-09-24,narayana hospital gurugram,1,1,2
2020-09-24,"paras hospitals, gurugram",1,1,2
2020-09-24,"metro hospital, faridabad",8,2,10
2020-09-24,"qrg central, faridabad",16,2,18
2020-09-24,"qrg medicare, faridabad",13,1,14
2020-09-24,"sarvoday hospital, faridabad",11,0,11
2020-09-24,"park hospital, faridabad",4,0,4
2020-09-24,"escorts fortis, faridabad",6,0,6
2020-09-24,"asian hospital, faridabad",2,0,2
2020-09-24,"alchemist hospital sector 21, panchkula",15,2,17
2020-09-24,"paras hospital, panchkula",18,2,20
2020-09-24,"alchemist hospital sector-26, panchkula",9,0,9
2020-09-24,"civil hospital, panchkula",43,0,43
2020-09-24,"lnjp civil hospital, kurukshetra",7,0,7
2020-09-24,total,322,54,376
2020-09-25,"pt bd sharma pgims, rohtak",20,0,20
2020-09-25,"bpsgmc, khanpur kalan, sonepat",40,12,52
2020-09-25,"shkm govt. medical college nalhar, nuh",2,1,3
2020-09-25,"kcgmc, karnal",51,12,63
2020-09-25,"mamc, agroha, hisar",13,0,13
2020-09-25,"esic medical college and hospital, faridabad",20,9,29
2020-09-25,"nc medical college, israna, panipat",2,0,2
2020-09-25,"adesh medical college, kurukshetra",1,0,1
2020-09-25,"mm institute of medical sciences & research, mulana",21,7,28
2020-09-25,"aarvy hospital, gurugram",1,1,2
2020-09-25,narayana hospital gurugram,1,1,2
2020-09-25,"paras hospitals, gurugram",1,1,2
2020-09-25,"metro hospital, faridabad",10,2,12
2020-09-25,"qrg central, faridabad",11,1,12
2020-09-25,"qrg medicare, faridabad",14,1,15
2020-09-25,"sarvoday hospital, faridabad",11,0,11
2020-09-25,"park hospital, faridabad",4,0,4
2020-09-25,"escorts fortis, faridabad",6,0,6
2020-09-25,"asian hospital, faridabad",4,0,4
2020-09-25,"alchemist hospital sector 21, panchkula",15,1,16
2020-09-25,"paras hospital, panchkula",19,3,22
2020-09-25,"alchemist hospital sector-26, panchkula",7,1,8
2020-09-25,"civil hospital, panchkula",41,0,41
2020-09-25,"lnjp civil hospital, kurukshetra",7,0,7
2020-09-25,total,322,53,375
2020-09-27,"pt bd sharma pgims, rohtak",18,0,18
2020-09-27,"bpsgmc, khanpur kalan, sonepat",28,11,39
2020-09-27,"shkm govt. medical college nalhar, nuh",3,1,4
2020-09-27,"kcgmc, karnal",50,12,62
2020-09-27,"mamc, agroha, hisar",17,0,17
2020-09-27,"esic medical college and hospital, faridabad",19,9,28
2020-09-27,"nc medical college, israna, panipat",1,0,1
2020-09-27,"adesh medical college, kurukshetra",1,0,1
2020-09-27,"mm institute of medical sciences & research, mulana",23,7,30
2020-09-27,"sgt medical college & hospital & research institute, budhera, gurugram (deemed university)",2,0,2
2020-09-27,"world college of medical sciences, jhajjar",2,0,2
2020-09-27,"aarvy hospital, gurugram",1,1,2
2020-09-27,narayana hospital gurugram,1,1,2
2020-09-27,"paras hospitals, gurugram",1,1,2
2020-09-27,"metro hospital, faridabad",11,2,13
2020-09-27,"qrg central, faridabad",10,1,11
2020-09-27,"qrg medicare, faridabad",15,1,16
2020-09-27,"sarvoday hospital, faridabad",8,0,8
2020-09-27,"park hospital, faridabad",4,0,4
2020-09-27,"escorts fortis, faridabad",8,0,8
2020-09-27,"asian hospital, faridabad",2,0,2
2020-09-27,"alchemist hospital sector 21, panchkula",12,0,12
2020-09-27,"paras hospital, panchkula",15,4,19
2020-09-27,"alchemist hospital sector-26, panchkula",7,1,8
2020-09-27,"civil hospital, panchkula",38,0,38
2020-09-27,"kare partner hospital, panchkula",2,0,2
2020-09-27,"lnjp civil hospital, kurukshetra",7,0,7
2020-09-27,total,306,52,358
2020-09-28,"pt bd sharma pgims, rohtak",20,1,21
2020-09-28,"bpsgmc, khanpur kalan, sonepat",32,8,40
2020-09-28,"shkm govt. medical college nalhar, nuh",4,1,5
2020-09-28,"kcgmc, karnal",51,15,66
2020-09-28,"mamc, agroha, hisar",16,0,16
2020-09-28,"esic medical college and hospital, faridabad",18,12,30
2020-09-28,"nc medical college, israna, panipat",1,0,1
2020-09-28,"adesh medical college, kurukshetra",1,0,1
2020-09-28,"mm institute of medical sciences & research, mulana",20,8,28
2020-09-28,"sgt medical college & hospital & research institute, budhera, gurugram (deemed university)",2,0,2
2020-09-28,"world college of medical sciences, jhajjar",1,0,1
2020-09-28,"aarvy hospital, gurugram",1,1,2
2020-09-28,narayana hospital gurugram,1,1,2
2020-09-28,"paras hospitals, gurugram",1,1,2
2020-09-28,"metro hospital, faridabad",12,0,12
2020-09-28,"qrg central, faridabad",14,2,16
2020-09-28,"qrg medicare, faridabad",19,1,20
2020-09-28,"sarvoday hospital, faridabad",9,0,9
2020-09-28,"park hospital, faridabad",4,0,4
2020-09-28,"escorts fortis, faridabad",6,0,6
2020-09-28,"asian hospital, faridabad",4,1,5
2020-09-28,"alchemist hospital sector 21, panchkula",12,0,12
2020-09-28,"paras hospital, panchkula",16,3,19
2020-09-28,"alchemist hospital sector-26, panchkula",4,1,5
2020-09-28,"civil hospital, panchkula",32,0,32
2020-09-28,"lnjp civil hospital, kurukshetra",7,0,7
2020-09-28,total,308,56,364
2020-09-29,"pt bd sharma pgims, rohtak",21,1,22
2020-09-29,"bpsgmc, khanpur kalan, sonepat",33,6,39
2020-09-29,"shkm govt. medical college nalhar, nuh",0,2,2
2020-09-29,"kcgmc, karnal",48,9,57
2020-09-29,"mamc, agroha, hisar",22,0,22
2020-09-29,"esic medical college and hospital, faridabad",18,10,28
2020-09-29,"nc medical college, israna, panipat",1,0,1
2020-09-29,"adesh medical college, kurukshetra",1,0,1
2020-09-29,"mm institute of medical sciences & research, mulana",20,8,28
2020-09-29,"sgt medical college & hospital & research institute, budhera, gurugram (deemed university)",2,0,2
2020-09-29,"world college of medical sciences, jhajjar",2,0,2
2020-09-29,"aarvy hospital, gurugram",1,1,2
2020-09-29,narayana hospital gurugram,1,1,2
2020-09-29,"paras hospitals, gurugram",1,1,2
2020-09-29,"metro hospital, faridabad",15,0,15
2020-09-29,"qrg central, faridabad",8,3,11
2020-09-29,"qrg medicare, faridabad",13,1,14
2020-09-29,"sarvoday hospital, faridabad",5,0,5
2020-09-29,"park hospital, faridabad",7,0,7
2020-09-29,"escorts fortis, faridabad",7,0,7
2020-09-29,"asian hospital, faridabad",2,2,4
2020-09-29,"alchemist hospital sector 21, panchkula",11,0,11
2020-09-29,"paras hospital, panchkula",16,3,19
2020-09-29,"alchemist hospital sector-26, panchkula",1,1,2
2020-09-29,"civil hospital, panchkula",30,0,30
2020-09-29,"lnjp civil hospital, kurukshetra",7,0,7
2020-09-29,total,293,49,342
2020-09-30,"pt bd sharma pgims, rohtak",23,1,24
2020-09-30,"bpsgmc, khanpur kalan, sonepat",32,9,41
2020-09-30,"shkm govt. medical college nalhar, nuh",2,2,4
2020-09-30,"kcgmc, karnal",49,8,57
2020-09-30,"mamc, agroha, hisar",22,0,22
2020-09-30,"esic medical college and hospital, faridabad",16,10,26
2020-09-30,"adesh medical college, kurukshetra",1,0,1
2020-09-30,"mm institute of medical sciences & research, mulana",18,8,26
2020-09-30,"sgt medical college & hospital & research institute, budhera, gurugram (deemed university)",2,0,2
2020-09-30,"world college of medical sciences, jhajjar",2,0,2
2020-09-30,"aarvy hospital, gurugram",1,1,2
2020-09-30,narayana hospital gurugram,1,1,2
2020-09-30,"paras hospitals, gurugram",1,1,2
2020-09-30,"metro hospital, faridabad",10,0,10
2020-09-30,"qrg central, faridabad",9,2,11
2020-09-30,"qrg medicare, faridabad",12,1,13
2020-09-30,"sarvoday hospital, faridabad",4,0,4
2020-09-30,"park hospital, faridabad",7,0,7
2020-09-30,"escorts fortis, faridabad",4,0,4
2020-09-30,"asian hospital, faridabad",6,0,6
2020-09-30,"alchemist hospital sector 21, panchkula",11,0,11
2020-09-30,"paras hospital, panchkula",18,3,21
2020-09-30,"alchemist hospital sector-26, panchkula",4,1,5
2020-09-30,"civil hospital, panchkula",30,0,30
2020-09-30,"lnjp civil hospital, kurukshetra",7,0,7
2020-09-30,total,292,48,340
2020-10-01,"pt bd sharma pgims, rohtak",22,1,23
2020-10-01,"bpsgmc, khanpur kalan, sonepat",30,11,41
2020-10-01,"shkm govt. medical college nalhar, nuh",3,0,3
2020-10-01,"kcgmc, karnal",36,8,44
2020-10-01,"mamc, agroha, hisar",21,0,21
2020-10-01,"esic medical college and hospital, faridabad",20,11,31
2020-10-01,"adesh medical college, kurukshetra",1,0,1
2020-10-01,"mm institute of medical sciences & research, mulana",18,8,26
2020-10-01,"world college of medical sciences, jhajjar",1,0,1
2020-10-01,"aarvy hospital, gurugram",1,1,2
2020-10-01,narayana hospital gurugram,1,1,2
2020-10-01,"paras hospitals, gurugram",1,1,2
2020-10-01,"metro hospital, faridabad",9,0,9
2020-10-01,"qrg central, faridabad",9,1,10
2020-10-01,"qrg medicare, faridabad",11,1,12
2020-10-01,"sarvoday hospital, faridabad",5,0,5
2020-10-01,"park hospital, faridabad",5,0,5
2020-10-01,"escorts fortis, faridabad",3,0,3
2020-10-01,"asian hospital, faridabad",6,0,6
2020-10-01,"alchemist hospital sector 21, panchkula",12,0,12
2020-10-01,"paras hospital, panchkula",16,3,19
2020-10-01,"alchemist hospital sector-26, panchkula",5,1,6
2020-10-01,"civil hospital, panchkula",26,0,26
2020-10-01,"lnjp civil hospital, kurukshetra",7,0,7
2020-10-01,total,269,48,317
2020-10-02,"pt bd sharma pgims, rohtak",25,0,25
2020-10-02,"bpsgmc, khanpur kalan, sonepat",36,9,45
2020-10-02,"shkm govt. medical college nalhar, nuh",6,0,6
2020-10-02,"kcgmc, karnal",36,9,45
2020-10-02,"mamc, agroha, hisar",17,0,17
2020-10-02,"esic medical college and hospital, faridabad",20,6,26
2020-10-02,"mm institute of medical sciences & research, mulana",16,7,23
2020-10-02,"world college of medical sciences, jhajjar",1,0,1
2020-10-02,"aarvy hospital, gurugram",1,1,2
2020-10-02,narayana hospital gurugram,1,1,2
2020-10-02,"paras hospitals, gurugram",1,1,2
2020-10-02,"metro hospital, faridabad",11,0,11
2020-10-02,"qrg central, faridabad",10,1,11
2020-10-02,"qrg medicare, faridabad",11,1,12
2020-10-02,"sarvoday hospital, faridabad",4,0,4
2020-10-02,"park hospital, faridabad",5,0,5
2020-10-02,"escorts fortis, faridabad",3,1,4
2020-10-02,"asian hospital, faridabad",6,0,6
2020-10-02,"alchemist hospital sector 21, panchkula",7,0,7
2020-10-02,"paras hospital, panchkula",14,2,16
2020-10-02,"alchemist hospital sector-26, panchkula",5,1,6
2020-10-02,"civil hospital, panchkula",29,0,29
2020-10-02,"lnjp civil hospital, kurukshetra",7,0,7
2020-10-02,total,272,40,312
2020-10-03,"pt bd sharma pgims, rohtak",21,0,21
2020-10-03,"bpsgmc, khanpur kalan, sonepat",25,8,33
2020-10-03,"shkm govt. medical college nalhar, nuh",5,0,5
2020-10-03,"kcgmc, karnal",36,7,43
2020-10-03,"mamc, agroha, hisar",17,0,17
2020-10-03,"esic medical college and hospital, faridabad",17,8,25
2020-10-03,"mm institute of medical sciences & research, mulana",16,7,23
2020-10-03,"world college of medical sciences, jhajjar",1,0,1
2020-10-03,"aarvy hospital, gurugram",1,1,2
2020-10-03,narayana hospital gurugram,1,1,2
2020-10-03,"paras hospitals, gurugram",1,1,2
2020-10-03,"metro hospital, faridabad",10,0,10
2020-10-03,"qrg central, faridabad",8,1,9
2020-10-03,"qrg medicare, faridabad",9,2,11
2020-10-03,"sarvoday hospital, faridabad",3,0,3
2020-10-03,"park hospital, faridabad",3,0,3
2020-10-03,"escorts fortis, faridabad",2,1,3
2020-10-03,"asian hospital, faridabad",10,0,10
2020-10-03,"alchemist hospital sector 21, panchkula",8,0,8
2020-10-03,"paras hospital, panchkula",12,2,14
2020-10-03,"alchemist hospital sector-26, panchkula",6,1,7
2020-10-03,"civil hospital, panchkula",31,0,31
2020-10-03,"lnjp civil hospital, kurukshetra",7,0,7
2020-10-03,total,250,40,290
2020-10-04,"pt bd sharma pgims, rohtak",20,0,20
2020-10-04,"bpsgmc, khanpur kalan, sonepat",31,10,41
2020-10-04,"shkm govt. medical college nalhar, nuh",1,0,1
2020-10-04,"kcgmc, karnal",36,7,43
2020-10-04,"mamc, agroha, hisar",16,1,17
2020-10-04,"esic medical college and hospital, faridabad",14,8,22
2020-10-04,"mm institute of medical sciences & research, mulana",15,7,22
2020-10-04,"world college of medical sciences, jhajjar",1,0,1
2020-10-04,"aarvy hospital, gurugram",1,1,2
2020-10-04,narayana hospital gurugram,1,1,2
2020-10-04,"paras hospitals, gurugram",1,1,2
2020-10-04,"metro hospital, faridabad",12,0,12
2020-10-04,"qrg central, faridabad",13,1,14
2020-10-04,"qrg medicare, faridabad",17,1,18
2020-10-04,"sarvoday hospital, faridabad",4,0,4
2020-10-04,"park hospital, faridabad",3,0,3
2020-10-04,"escorts fortis, faridabad",4,0,4
2020-10-04,"asian hospital, faridabad",4,0,4
2020-10-04,"alchemist hospital sector 21, panchkula",8,0,8
2020-10-04,"paras hospital, panchkula",10,1,11
2020-10-04,"alchemist hospital sector-26, panchkula",6,1,7
2020-10-04,"civil hospital, panchkula",33,0,33
2020-10-04,"lnjp civil hospital, kurukshetra",7,0,7
2020-10-04,total,258,40,298
2020-10-05,"pt bd sharma pgims, rohtak",19,0,19
2020-10-05,"bpsgmc, khanpur kalan, sonepat",30,6,36
2020-10-05,"shkm govt. medical college nalhar, nuh",3,0,3
2020-10-05,"kcgmc, karnal",34,5,39
2020-10-05,"mamc, agroha, hisar",15,0,15
2020-10-05,"esic medical college and hospital, faridabad",16,8,24
2020-10-05,"mm institute of medical sciences & research, mulana",12,7,19
2020-10-05,"world college of medical sciences, jhajjar",1,0,1
2020-10-05,"aarvy hospital, gurugram",1,1,2
2020-10-05,narayana hospital gurugram,1,1,2
2020-10-05,"paras hospitals, gurugram",1,1,2
2020-10-05,"metro hospital, faridabad",7,1,8
2020-10-05,"qrg central, faridabad",11,1,12
2020-10-05,"qrg medicare, faridabad",12,2,14
2020-10-05,"sarvoday hospital, faridabad",7,0,7
2020-10-05,"park hospital, faridabad",3,0,3
2020-10-05,"escorts fortis, faridabad",7,0,7
2020-10-05,"asian hospital, faridabad",4,2,6
2020-10-05,"alchemist hospital sector 21, panchkula",7,1,8
2020-10-05,"paras hospital, panchkula",10,1,11
2020-10-05,"alchemist hospital sector-26, panchkula",5,2,7
2020-10-05,"civil hospital, panchkula",23,0,23
2020-10-05,"lnjp civil hospital, kurukshetra",7,0,7
2020-10-05,total,236,39,275
2020-10-06,"pt bd sharma pgims, rohtak",16,0,16
2020-10-06,"bpsgmc, khanpur kalan, sonepat",40,6,46
2020-10-06,"shkm govt. medical college nalhar, nuh",2,0,2
2020-10-06,"kcgmc, karnal",35,4,39
2020-10-06,"mamc, agroha, hisar",17,0,17
2020-10-06,"esic medical college and hospital, faridabad",16,8,24
2020-10-06,"mm institute of medical sciences & research, mulana",12,7,19
2020-10-06,"world college of medical sciences, jhajjar",1,0,1
2020-10-06,"aarvy hospital, gurugram",1,1,2
2020-10-06,narayana hospital gurugram,1,1,2
2020-10-06,"paras hospitals, gurugram",1,1,2
2020-10-06,"metro hospital, faridabad",6,1,7
2020-10-06,"qrg central, faridabad",8,1,9
2020-10-06,"qrg medicare, faridabad",10,0,10
2020-10-06,"sarvoday hospital, faridabad",15,3,18
2020-10-06,"park hospital, faridabad",3,0,3
2020-10-06,"escorts fortis, faridabad",7,0,7
2020-10-06,"asian hospital, faridabad",4,3,7
2020-10-06,"alchemist hospital sector 21, panchkula",3,2,5
2020-10-06,"paras hospital, panchkula",6,1,7
2020-10-06,"alchemist hospital sector-26, panchkula",3,2,5
2020-10-06,"civil hospital, panchkula",29,0,29
2020-10-06,"lnjp civil hospital, kurukshetra",7,0,7
2020-10-06,total,243,41,284
2020-10-07,"pt bd sharma pgims, rohtak",18,0,18
2020-10-07,"bpsgmc, khanpur kalan, sonepat",23,2,25
2020-10-07,"shkm govt. medical college nalhar, nuh",2,0,2
2020-10-07,"kcgmc, karnal",35,5,40
2020-10-07,"mamc, agroha, hisar",19,0,19
2020-10-07,"esic medical college and hospital, faridabad",15,4,19
2020-10-07,"mm institute of medical sciences & research, mulana",10,6,16
2020-10-07,"world college of medical sciences, jhajjar",1,0,1
2020-10-07,"aarvy hospital, gurugram",1,1,2
2020-10-07,narayana hospital gurugram,1,1,2
2020-10-07,"paras hospitals, gurugram",1,1,2
2020-10-07,"metro hospital, faridabad",8,1,9
2020-10-07,"qrg central, faridabad",10,1,11
2020-10-07,"qrg medicare, faridabad",6,0,6
2020-10-07,"sarvoday hospital, faridabad",9,0,9
2020-10-07,"park hospital, faridabad",2,0,2
2020-10-07,"escorts fortis, faridabad",7,0,7
2020-10-07,"asian hospital, faridabad",4,1,5
2020-10-07,"alchemist hospital sector 21, panchkula",6,2,8
2020-10-07,"paras hospital, panchkula",4,1,5
2020-10-07,"alchemist hospital sector-26, panchkula",5,1,6
2020-10-07,"civil hospital, panchkula",28,0,28
2020-10-07,"lnjp civil hospital, kurukshetra",7,0,7
2020-10-07,total,222,27,249
2020-10-08,"pt bd sharma pgims, rohtak",20,0,20
2020-10-08,"bpsgmc, khanpur kalan, sonepat",22,3,25
2020-10-08,"shkm govt. medical college nalhar, nuh",2,0,2
2020-10-08,"kcgmc, karnal",39,5,44
2020-10-08,"mamc, agroha, hisar",17,1,18
2020-10-08,"esic medical college and hospital, faridabad",16,9,25
2020-10-08,"mm institute of medical sciences & research, mulana",10,6,16
2020-10-08,"world college of medical sciences, jhajjar",1,0,1
2020-10-08,"aarvy hospital, gurugram",1,1,2
2020-10-08,narayana hospital gurugram,1,1,2
2020-10-08,"paras hospitals, gurugram",1,1,2
2020-10-08,"metro hospital, faridabad",7,0,7
2020-10-08,"qrg central, faridabad",7,1,8
2020-10-08,"qrg medicare, faridabad",8,0,8
2020-10-08,"sarvoday hospital, faridabad",7,0,7
2020-10-08,"park hospital, faridabad",2,0,2
2020-10-08,"escorts fortis, faridabad",7,1,8
2020-10-08,"asian hospital, faridabad",5,1,6
2020-10-08,"alchemist hospital sector 21, panchkula",4,1,5
2020-10-08,"paras hospital, panchkula",4,1,5
2020-10-08,"alchemist hospital sector-26, panchkula",3,1,4
2020-10-08,"civil hospital, panchkula",26,0,26
2020-10-08,"lnjp civil hospital, kurukshetra",7,0,7
2020-10-08,total,217,33,250
2020-10-09,"pt bd sharma pgims, rohtak",20,0,20
2020-10-09,"bpsgmc, khanpur kalan, sonepat",28,1,29
2020-10-09,"shkm govt. medical college nalhar, nuh",2,0,2
2020-10-09,"kcgmc, karnal",39,4,43
2020-10-09,"mamc, agroha, hisar",18,0,18
2020-10-09,"esic medical college and hospital, faridabad",13,9,22
2020-10-09,"mm institute of medical sciences & research, mulana",9,6,15
2020-10-09,"world college of medical sciences, jhajjar",1,0,1
2020-10-09,"aarvy hospital, gurugram",1,1,2
2020-10-09,narayana hospital gurugram,1,1,2
2020-10-09,"paras hospitals, gurugram",1,1,2
2020-10-09,"metro hospital, faridabad",8,0,8
2020-10-09,"qrg central, faridabad",11,1,12
2020-10-09,"qrg medicare, faridabad",6,1,7
2020-10-09,"sarvoday hospital, faridabad",8,0,8
2020-10-09,"park hospital, faridabad",2,0,2
2020-10-09,"escorts fortis, faridabad",4,2,6
2020-10-09,"asian hospital, faridabad",6,1,7
2020-10-09,"alchemist hospital sector 21, panchkula",7,2,9
2020-10-09,"paras hospital, panchkula",5,1,6
2020-10-09,"alchemist hospital sector-26, panchkula",5,1,6
2020-10-09,"civil hospital, panchkula",27,0,27
2020-10-09,"lnjp civil hospital, kurukshetra",7,0,7
2020-10-09,total,229,32,261
2020-10-10,"pt bd sharma pgims, rohtak",19,0,19
2020-10-10,"bpsgmc, khanpur kalan, sonepat",31,3,34
2020-10-10,"shkm govt. medical college nalhar, nuh",2,0,2
2020-10-10,"kcgmc, karnal",43,4,47
2020-10-10,"mamc, agroha, hisar",18,0,18
2020-10-10,"esic medical college and hospital, faridabad",17,9,26
2020-10-10,"mm institute of medical sciences & research, mulana",7,6,13
2020-10-10,"aarvy hospital, gurugram",1,1,2
2020-10-10,narayana hospital gurugram,1,1,2
2020-10-10,"paras hospitals, gurugram",1,1,2
2020-10-10,"metro hospital, faridabad",6,0,6
2020-10-10,"qrg central, faridabad",6,1,7
2020-10-10,"qrg medicare, faridabad",4,1,5
2020-10-10,"sarvoday hospital, faridabad",8,0,8
2020-10-10,"park hospital, faridabad",2,0,2
2020-10-10,"escorts fortis, faridabad",4,2,6
2020-10-10,"asian hospital, faridabad",6,0,6
2020-10-10,"alchemist hospital sector 21, panchkula",8,3,11
2020-10-10,"paras hospital, panchkula",5,2,7
2020-10-10,"alchemist hospital sector-26, panchkula",6,1,7
2020-10-10,"civil hospital, panchkula",28,0,28
2020-10-10,"lnjp civil hospital, kurukshetra",7,0,7
2020-10-10,total,230,35,265
2020-10-11,"pt bd sharma pgims, rohtak",20,1,21
2020-10-11,"bpsgmc, khanpur kalan, sonepat",18,5,23
2020-10-11,"shkm govt. medical college nalhar, nuh",2,0,2
2020-10-11,"kcgmc, karnal",45,3,48
2020-10-11,"mamc, agroha, hisar",14,1,15
2020-10-11,"esic medical college and hospital, faridabad",14,8,22
2020-10-11,"mm institute of medical sciences & research, mulana",6,7,13
2020-10-11,"aarvy hospital, gurugram",1,1,2
2020-10-11,narayana hospital gurugram,1,1,2
2020-10-11,"paras hospitals, gurugram",1,1,2
2020-10-11,"metro hospital, faridabad",7,0,7
2020-10-11,"qrg central, faridabad",5,1,6
2020-10-11,"qrg medicare, faridabad",7,1,8
2020-10-11,"sarvoday hospital, faridabad",7,0,7
2020-10-11,"park hospital, faridabad",2,0,2
2020-10-11,"escorts fortis, faridabad",5,2,7
2020-10-11,"asian hospital, faridabad",6,0,6
2020-10-11,"alchemist hospital sector 21, panchkula",9,2,11
2020-10-11,"paras hospital, panchkula",5,2,7
2020-10-11,"alchemist hospital sector-26, panchkula",5,0,5
2020-10-11,"civil hospital, panchkula",23,1,24
2020-10-11,"lnjp civil hospital, kurukshetra",7,0,7
2020-10-11,total,210,37,247
2020-10-12,"pt bd sharma pgims, rohtak",13,1,14
2020-10-12,"bpsgmc, khanpur kalan, sonepat",26,3,29
2020-10-12,"shkm govt. medical college nalhar, nuh",2,0,2
2020-10-12,"kcgmc, karnal",41,3,44
2020-10-12,"mamc, agroha, hisar",18,0,18
2020-10-12,"esic medical college and hospital, faridabad",15,8,23
2020-10-12,"mm institute of medical sciences & research, mulana",6,7,13
2020-10-12,"sgt medical college & hospital & research institute, budhera, gurugram",1,0,1
2020-10-12,"aarvy hospital, gurugram",1,1,2
2020-10-12,narayana hospital gurugram,1,1,2
2020-10-12,"paras hospitals, gurugram",1,1,2
2020-10-12,"metro hospital, faridabad",9,0,9
2020-10-12,"qrg central, faridabad",5,0,5
2020-10-12,"qrg medicare, faridabad",5,1,6
2020-10-12,"sarvoday hospital, faridabad",9,1,10
2020-10-12,"park hospital, faridabad",2,0,2
2020-10-12,"escorts fortis, faridabad",3,2,5
2020-10-12,"asian hospital, faridabad",6,0,6
2020-10-12,"alchemist hospital sector 21, panchkula",6,3,9
2020-10-12,"paras hospital, panchkula",5,1,6
2020-10-12,"alchemist hospital sector-26, panchkula",5,1,6
2020-10-12,"civil hospital, panchkula",19,0,19
2020-10-12,"lnjp civil hospital, kurukshetra",7,0,7
2020-10-12,total,206,34,240
2020-10-13,"pt bd sharma pgims, rohtak",13,1,14
2020-10-13,"bpsgmc, khanpur kalan, sonepat",18,7,25
2020-10-13,"shkm govt. medical college nalhar, nuh",2,0,2
2020-10-13,"kcgmc, karnal",33,3,36
2020-10-13,"mamc, agroha, hisar",11,0,11
2020-10-13,"esic medical college and hospital, faridabad",19,6,25
2020-10-13,"mm institute of medical sciences & research, mulana",7,6,13
2020-10-13,"sgt medical college & hospital & research institute, budhera, gurugram",1,0,1
2020-10-13,"aarvy hospital, gurugram",1,1,2
2020-10-13,narayana hospital gurugram,1,1,2
2020-10-13,"paras hospitals, gurugram",1,1,2
2020-10-13,"metro hospital, faridabad",8,0,8
2020-10-13,"qrg central, faridabad",5,0,5
2020-10-13,"qrg medicare, faridabad",5,0,5
2020-10-13,"sarvoday hospital, faridabad",11,0,11
2020-10-13,"park hospital, faridabad",2,0,2
2020-10-13,"escorts fortis, faridabad",4,1,5
2020-10-13,"asian hospital, faridabad",5,0,5
2020-10-13,"alchemist hospital sector 21, panchkula",5,4,9
2020-10-13,"paras hospital, panchkula",6,1,7
2020-10-13,"alchemist hospital sector-26, panchkula",6,1,7
2020-10-13,"civil hospital, panchkula",10,0,10
2020-10-13,"lnjp civil hospital, kurukshetra",7,0,7
2020-10-13,total,181,33,214
2020-10-14,"pt bd sharma pgims, rohtak",15,0,15
2020-10-14,"bpsgmc, khanpur kalan, sonepat",19,6,25
2020-10-14,"shkm govt. medical college nalhar, nuh",2,0,2
2020-10-14,"kcgmc, karnal",34,3,37
2020-10-14,"mamc, agroha, hisar",12,0,12
2020-10-14,"esic medical college and hospital, faridabad",17,9,26
2020-10-14,"sgt medical college & hospital & research institute, budhera, gurugram",1,0,1
2020-10-14,"aarvy hospital, gurugram",1,1,2
2020-10-14,narayana hospital gurugram,1,1,2
2020-10-14,"paras hospitals, gurugram",1,1,2
2020-10-14,"metro hospital, faridabad",6,0,6
2020-10-14,"qrg central, faridabad",4,0,4
2020-10-14,"qrg medicare, faridabad",8,1,9
2020-10-14,"sarvoday hospital, faridabad",12,0,12
2020-10-14,"park hospital, faridabad",2,0,2
2020-10-14,"escorts fortis, faridabad",5,0,5
2020-10-14,"asian hospital, faridabad",5,0,5
2020-10-14,"alchemist hospital sector 21, panchkula",6,4,10
2020-10-14,"paras hospital, panchkula",5,1,6
2020-10-14,"alchemist hospital sector-26, panchkula",7,0,7
2020-10-14,"civil hospital, panchkula",9,0,9
2020-10-14,"lnjp civil hospital, kurukshetra",7,0,7
2020-10-14,total,179,27,206
2020-10-15,"pt bd sharma pgims, rohtak",12,0,12
2020-10-15,"bpsgmc, khanpur kalan, sonepat",20,6,26
2020-10-15,"shkm govt. medical college nalhar, nuh",2,0,2
2020-10-15,"kcgmc, karnal",36,5,41
2020-10-15,"mamc, agroha, hisar",12,0,12
2020-10-15,"esic medical college and hospital, faridabad",15,8,23
2020-10-15,"adesh medical college & hospital, shahabad, kurukshetra.",0,1,1
2020-10-15,"m.m. institute of medical sciences & research, mulana (deemed university)",7,6,13
2020-10-15,"aarvy hospital, gurugram",1,1,2
2020-10-15,narayana hospital gurugram,1,1,2
2020-10-15,"paras hospitals, gurugram",1,1,2
2020-10-15,"metro hospital, faridabad",8,0,8
2020-10-15,"qrg central, faridabad",4,0,4
2020-10-15,"qrg medicare, faridabad",8,1,9
2020-10-15,"sarvoday hospital, faridabad",12,0,12
2020-10-15,"park hospital, faridabad",3,0,3
2020-10-15,"escorts fortis, faridabad",2,0,2
2020-10-15,"asian hospital, faridabad",3,1,4
2020-10-15,"alchemist hospital sector 21, panchkula",1,3,4
2020-10-15,"paras hospital, panchkula",4,1,5
2020-10-15,"alchemist hospital sector-26, panchkula",5,0,5
2020-10-15,"civil hospital, panchkula",11,0,11
2020-10-15,"lnjp civil hospital, kurukshetra",7,0,7
2020-10-15,total,175,35,210
2020-10-16,"pt bd sharma pgims, rohtak",8,2,10
2020-10-16,"bpsgmc, khanpur kalan, sonepat",17,4,21
2020-10-16,"shkm govt. medical college nalhar, nuh",3,0,3
2020-10-16,"kcgmc, karnal",37,5,42
2020-10-16,"mamc, agroha, hisar",12,0,12
2020-10-16,"esic medical college and hospital, faridabad",14,9,23
2020-10-16,"adesh medical college & hospital, shahabad, kurukshetra.",0,1,1
2020-10-16,"m.m. institute of medical sciences & research, mulana (deemed university)",8,5,13
2020-10-16,"sgt medical college & hospital & research institute, budhera, gurugram",4,0,4
2020-10-16,"aarvy hospital, gurugram",1,1,2
2020-10-16,narayana hospital gurugram,1,1,2
2020-10-16,"paras hospitals, gurugram",1,1,2
2020-10-16,"metro hospital, faridabad",8,1,9
2020-10-16,"qrg central, faridabad",3,0,3
2020-10-16,"qrg medicare, faridabad",7,1,8
2020-10-16,"sarvoday hospital, faridabad",10,1,11
2020-10-16,"park hospital, faridabad",3,0,3
2020-10-16,"asian hospital, faridabad",3,1,4
2020-10-16,"alchemist hospital sector 21, panchkula",3,3,6
2020-10-16,"paras hospital, panchkula",4,0,4
2020-10-16,"alchemist hospital sector-26, panchkula",7,0,7
2020-10-16,"civil hospital, panchkula",8,0,8
2020-10-16,"lnjp civil hospital, kurukshetra",7,0,7
2020-10-16,total,169,36,205
2020-10-17,"pt bd sharma pgims, rohtak",14,2,16
2020-10-17,"bpsgmc, khanpur kalan, sonepat",13,4,17
2020-10-17,"shkm govt. medical college nalhar, nuh",2,0,2
2020-10-17,"kcgmc, karnal",36,4,40
2020-10-17,"mamc, agroha, hisar",12,0,12
2020-10-17,"esic medical college and hospital, faridabad",12,9,21
2020-10-17,"adesh medical college & hospital, shahabad, kurukshetra.",0,1,1
2020-10-17,"m.m. institute of medical sciences & research, mulana (deemed university)",4,5,9
2020-10-17,"sgt medical college & hospital & research institute, budhera, gurugram",3,0,3
2020-10-17,"aarvy hospital, gurugram",1,1,2
2020-10-17,narayana hospital gurugram,1,1,2
2020-10-17,"paras hospitals, gurugram",1,1,2
2020-10-17,"metro hospital, faridabad",8,0,8
2020-10-17,"qrg central, faridabad",3,0,3
2020-10-17,"qrg medicare, faridabad",6,0,6
2020-10-17,"sarvoday hospital, faridabad",11,0,11
2020-10-17,"park hospital, faridabad",3,0,3
2020-10-17,"escort hospital, faridabad",3,0,3
2020-10-17,"asian hospital, faridabad",5,1,6
2020-10-17,"alchemist hospital sector 21, panchkula",3,2,5
2020-10-17,"paras hospital, panchkula",3,0,3
2020-10-17,"alchemist hospital sector-26, panchkula",5,0,5
2020-10-17,"civil hospital, panchkula",8,0,8
2020-10-17,"lnjp civil hospital, kurukshetra",7,0,7
2020-10-17,total,164,31,195
2020-10-18,"pt bd sharma pgims, rohtak",13,2,15
2020-10-18,"bpsgmc, khanpur kalan, sonepat",10,5,15
2020-10-18,"shkm govt. medical college nalhar, nuh",1,0,1
2020-10-18,"kcgmc, karnal",29,4,33
2020-10-18,"mamc, agroha, hisar",14,0,14
2020-10-18,"esic medical college and hospital, faridabad",11,9,20
2020-10-18,"adesh medical college & hospital, shahabad, kurukshetra.",1,0,1
2020-10-18,"m.m. institute of medical sciences & research, mulana (deemed university)",3,5,8
2020-10-18,"sgt medical college & hospital & research institute, budhera, gurugram",3,0,3
2020-10-18,"aarvy hospital, gurugram",1,1,2
2020-10-18,narayana hospital gurugram,1,1,2
2020-10-18,"paras hospitals, gurugram",1,1,2
2020-10-18,"metro hospital, faridabad",9,0,9
2020-10-18,"qrg central, faridabad",4,0,4
2020-10-18,"qrg medicare, faridabad",5,0,5
2020-10-18,"sarvoday hospital sector 8, faridabad",11,0,11
2020-10-18,"sarvoday hospital sector 19, faridabad",10,0,10
2020-10-18,"park hospital, faridabad",3,0,3
2020-10-18,"escort hospital, faridabad",5,0,5
2020-10-18,"asian hospital, faridabad",5,1,6
2020-10-18,"alchemist hospital sector 21, panchkula",6,2,8
2020-10-18,"paras hospital, panchkula",2,0,2
2020-10-18,"alchemist hospital sector-26, panchkula",4,0,4
2020-10-18,"civil hospital, panchkula",10,0,10
2020-10-18,"lnjp civil hospital, kurukshetra",7,0,7
2020-10-18,total,169,31,200
2020-10-19,"pt bd sharma pgims, rohtak",17,2,19
2020-10-19,"bpsgmc, khanpur kalan, sonepat",9,4,13
2020-10-19,"shkm govt. medical college nalhar, nuh",0,0,0
2020-10-19,"kcgmc, karnal",29,4,33
2020-10-19,"mamc, agroha, hisar",11,0,11
2020-10-19,"esic medical college and hospital, faridabad",13,8,21
2020-10-19,"adesh medical college & hospital, shahabad, kurukshetra.",1,0,1
2020-10-19,"m.m. institute of medical sciences & research, mulana (deemed university)",3,4,7
2020-10-19,"sgt medical college & hospital & research institute, budhera, gurugram",3,0,3
2020-10-19,"world college of medical sciences, jhajjar",1,0,1
2020-10-19,"aarvy hospital, gurugram",1,1,2
2020-10-19,narayana hospital gurugram,1,1,2
2020-10-19,"paras hospitals, gurugram",1,1,2
2020-10-19,"metro hospital, faridabad",8,0,8
2020-10-19,"qrg central, faridabad",4,0,4
2020-10-19,"qrg medicare, faridabad",2,0,2
2020-10-19,"sarvoday hospital sector 8, faridabad",13,0,13
2020-10-19,"park hospital, faridabad",4,0,4
2020-10-19,"escort hospital, faridabad",6,0,6
2020-10-19,"asian hospital, faridabad",5,1,6
2020-10-19,"alchemist hospital sector 21, panchkula",3,1,4
2020-10-19,"paras hospital, panchkula",2,1,3
2020-10-19,"alchemist hospital sector-26, panchkula",4,0,4
2020-10-19,"civil hospital, panchkula",10,0,10
2020-10-19,"lnjp civil hospital, kurukshetra",7,0,7
2020-10-19,total,158,28,186
2020-10-20,"pt bd sharma pgims, rohtak",21,2,23
2020-10-20,"bpsgmc, khanpur kalan, sonepat",10,3,13
2020-10-20,"shkm govt. medical college nalhar, nuh",1,0,1
2020-10-20,"kcgmc, karnal",29,4,33
2020-10-20,"mamc, agroha, hisar",11,1,12
2020-10-20,"esic medical college and hospital, faridabad",13,8,21
2020-10-20,"adesh medical college & hospital, shahabad, kurukshetra.",1,0,1
2020-10-20,"m.m. institute of medical sciences & research, mulana (deemed university)",4,3,7
2020-10-20,"sgt medical college & hospital & research institute, budhera, gurugram",2,0,2
2020-10-20,"world college of medical sciences, jhajjar",1,0,1
2020-10-20,"aarvy hospital, gurugram",1,1,2
2020-10-20,narayana hospital gurugram,1,1,2
2020-10-20,"paras hospitals, gurugram",1,1,2
2020-10-20,"metro hospital, faridabad",9,1,10
2020-10-20,"qrg central, faridabad",4,1,5
2020-10-20,"qrg medicare, faridabad",7,0,7
2020-10-20,"sarvoday hospital sector 8, faridabad",15,0,15
2020-10-20,"park hospital, faridabad",4,0,4
2020-10-20,"escort hospital, faridabad",6,0,6
2020-10-20,"asian hospital, faridabad",4,1,5
2020-10-20,"alchemist hospital sector 21, panchkula",3,1,4
2020-10-20,"paras hospital, panchkula",2,0,2
2020-10-20,"alchemist hospital sector-26, panchkula",2,0,2
2020-10-20,"civil hospital, panchkula",10,0,10
2020-10-20,"lnjp civil hospital, kurukshetra",7,0,7
2020-10-20,total,169,28,197
2020-10-21,"pt bd sharma pgims, rohtak",15,1,16
2020-10-21,"bpsgmc, khanpur kalan, sonepat",9,3,12
2020-10-21,"shkm govt. medical college nalhar, nuh",0,1,1
2020-10-21,"kcgmc, karnal",30,5,35
2020-10-21,"mamc, agroha, hisar",11,1,12
2020-10-21,"esic medical college and hospital, faridabad",17,9,26
2020-10-21,"adesh medical college & hospital, shahabad, kurukshetra.",1,0,1
2020-10-21,"m.m. institute of medical sciences & research, mulana (deemed university)",2,3,5
2020-10-21,"sgt medical college & hospital & research institute, budhera, gurugram",2,0,2
2020-10-21,"world college of medical sciences, jhajjar",1,0,1
2020-10-21,"aarvy hospital, gurugram",1,1,2
2020-10-21,narayana hospital gurugram,1,1,2
2020-10-21,"paras hospitals, gurugram",1,1,2
2020-10-21,"metro hospital, faridabad",13,1,14
2020-10-21,"qrg central, faridabad",4,1,5
2020-10-21,"qrg medicare, faridabad",8,0,8
2020-10-21,"sarvoday hospital sector 8, faridabad",13,0,13
2020-10-21,"park hospital, faridabad",3,0,3
2020-10-21,"escort hospital, faridabad",6,0,6
2020-10-21,"asian hospital, faridabad",6,0,6
2020-10-21,"alchemist hospital sector 21, panchkula",3,1,4
2020-10-21,"paras hospital, panchkula",2,0,2
2020-10-21,"alchemist hospital sector-26, panchkula",2,0,2
2020-10-21,"civil hospital, panchkula",9,0,9
2020-10-21,"lnjp civil hospital, kurukshetra",7,0,7
2020-10-21,total,167,29,196
2020-10-22,"pt bd sharma pgims, rohtak",16,1,17
2020-10-22,"bpsgmc, khanpur kalan, sonepat",15,2,17
2020-10-22,"shkm govt. medical college nalhar, nuh",1,0,1
2020-10-22,"kcgmc, karnal",30,5,35
2020-10-22,"mamc, agroha, hisar",12,0,12
2020-10-22,"esic medical college and hospital, faridabad",15,12,27
2020-10-22,"adesh medical college & hospital, shahabad, kurukshetra.",1,0,1
2020-10-22,"m.m. institute of medical sciences & research, mulana (deemed university)",1,2,3
2020-10-22,"sgt medical college & hospital & research institute, budhera, gurugram",1,0,1
2020-10-22,"aarvy hospital, gurugram",1,1,2
2020-10-22,narayana hospital gurugram,1,1,2
2020-10-22,"paras hospitals, gurugram",1,1,2
2020-10-22,"metro hospital, faridabad",11,2,13
2020-10-22,"qrg central, faridabad",5,1,6
2020-10-22,"qrg medicare, faridabad",10,0,10
2020-10-22,"sarvoday hospital sector 8, faridabad",13,0,13
2020-10-22,"park hospital, faridabad",2,0,2
2020-10-22,"escort hospital, faridabad",6,0,6
2020-10-22,"asian hospital, faridabad",6,0,6
2020-10-22,"alchemist hospital sector 21, panchkula",2,1,3
2020-10-22,"paras hospital, panchkula",3,0,3
2020-10-22,"alchemist hospital sector-26, panchkula",1,0,1
2020-10-22,"civil hospital, panchkula",15,0,15
2020-10-22,"lnjp civil hospital, kurukshetra",7,0,7
2020-10-22,total,176,29,205
2020-10-23,"pt bd sharma pgims, rohtak",12,1,13
2020-10-23,"bpsgmc, khanpur kalan, sonepat",10,3,13
2020-10-23,"shkm govt. medical college nalhar, nuh",2,0,2
2020-10-23,"kcgmc, karnal",27,5,32
2020-10-23,"mamc, agroha, hisar",13,2,15
2020-10-23,"esic medical college and hospital, faridabad",12,14,26
2020-10-23,"adesh medical college & hospital, shahabad, kurukshetra.",1,0,1
2020-10-23,"m.m. institute of medical sciences & research, mulana (deemed university)",1,2,3
2020-10-23,"sgt medical college & hospital & research institute, budhera, gurugram",1,0,1
2020-10-23,"aarvy hospital, gurugram",1,1,2
2020-10-23,narayana hospital gurugram,1,1,2
2020-10-23,"paras hospitals, gurugram",1,1,2
2020-10-23,"metro hospital, faridabad",11,2,13
2020-10-23,"qrg central, faridabad",3,2,5
2020-10-23,"qrg medicare, faridabad",12,0,12
2020-10-23,"sarvoday hospital sector 8, faridabad",8,0,8
2020-10-23,"park hospital, faridabad",3,0,3
2020-10-23,"escort hospital, faridabad",5,0,5
2020-10-23,"asian hospital, faridabad",7,0,7
2020-10-23,"alchemist hospital sector 21, panchkula",3,1,4
2020-10-23,"paras hospital, panchkula",3,0,3
2020-10-23,"alchemist hospital sector-26, panchkula",1,0,1
2020-10-23,"civil hospital, panchkula",16,0,16
2020-10-23,"lnjp civil hospital, kurukshetra",7,0,7
2020-10-23,total,161,35,196
2020-10-24,"pt bd sharma pgims, rohtak",14,1,15
2020-10-24,"bpsgmc, khanpur kalan, sonepat",8,3,11
2020-10-24,"shkm govt. medical college nalhar, nuh",2,0,2
2020-10-24,"kcgmc, karnal",22,5,27
2020-10-24,"mamc, agroha, hisar",13,1,14
2020-10-24,"esic medical college and hospital, faridabad",12,12,24
2020-10-24,"adesh medical college & hospital, shahabad, kurukshetra.",1,0,1
2020-10-24,"m.m. institute of medical sciences & research, mulana (deemed university)",1,2,3
2020-10-24,"sgt medical college & hospital & research institute, budhera, gurugram",1,0,1
2020-10-24,"aarvy hospital, gurugram",1,1,2
2020-10-24,narayana hospital gurugram,1,1,2
2020-10-24,"paras hospitals, gurugram",1,1,2
2020-10-24,"metro hospital, faridabad",11,2,13
2020-10-24,"qrg central, faridabad",5,2,7
2020-10-24,"qrg medicare, faridabad",12,0,12
2020-10-24,"sarvoday hospital sector 8, faridabad",8,0,8
2020-10-24,"park hospital, faridabad",3,0,3
2020-10-24,"escort hospital, faridabad",5,0,5
2020-10-24,"asian hospital, faridabad",7,0,7
2020-10-24,"alchemist hospital sector 21, panchkula",4,1,5
2020-10-24,"paras hospital, panchkula",3,0,3
2020-10-24,"alchemist hospital sector-26, panchkula",1,1,2
2020-10-24,"civil hospital, panchkula",16,0,16
2020-10-24,"lnjp civil hospital, kurukshetra",7,0,7
2020-10-24,total,159,33,192
2020-10-25,"pt bd sharma pgims, rohtak",17,0,17
2020-10-25,"bpsgmc, khanpur kalan, sonepat",8,3,11
2020-10-25,"shkm govt. medical college nalhar, nuh",1,0,1
2020-10-25,"kcgmc, karnal",19,3,22
2020-10-25,"mamc, agroha, hisar",8,4,12
2020-10-25,"esic medical college and hospital, faridabad",12,8,20
2020-10-25,"m.m. institute of medical sciences & research, mulana (deemed university)",1,0,1
2020-10-25,"aarvy hospital, gurugram",1,1,2
2020-10-25,narayana hospital gurugram,1,1,2
2020-10-25,"paras hospitals, gurugram",1,1,2
2020-10-25,"metro hospital, faridabad",10,2,12
2020-10-25,"qrg central, faridabad",5,2,7
2020-10-25,"qrg medicare, faridabad",9,0,9
2020-10-25,"sarvoday hospital sector 8, faridabad",8,0,8
2020-10-25,"park hospital, faridabad",5,0,5
2020-10-25,"escort hospital, faridabad",5,0,5
2020-10-25,"asian hospital, faridabad",5,0,5
2020-10-25,"alchemist hospital sector 21, panchkula",5,1,6
2020-10-25,"paras hospital, panchkula",2,0,2
2020-10-25,"alchemist hospital sector-26, panchkula",0,1,1
2020-10-25,"civil hospital, panchkula",15,0,15
2020-10-25,"lnjp civil hospital, kurukshetra",7,0,7
2020-10-25,total,145,27,172
2020-10-26,"pt bd sharma pgims, rohtak",17,0,17
2020-10-26,"bpsgmc, khanpur kalan, sonepat",11,4,15
2020-10-26,"shkm govt. medical college nalhar, nuh",1,0,1
2020-10-26,"kcgmc, karnal",17,4,21
2020-10-26,"mamc, agroha, hisar",8,3,11
2020-10-26,"esic medical college and hospital, faridabad",12,7,19
2020-10-26,"m.m. institute of medical sciences & research, mulana (deemed university)",2,0,2
2020-10-26,"aarvy hospital, gurugram",1,1,2
2020-10-26,narayana hospital gurugram,1,1,2
2020-10-26,"paras hospitals, gurugram",1,1,2
2020-10-26,"metro hospital, faridabad",16,3,19
2020-10-26,"qrg central, faridabad",7,1,8
2020-10-26,"qrg medicare, faridabad",14,0,14
2020-10-26,"sarvoday hospital sector 8, faridabad",11,1,12
2020-10-26,"park hospital, faridabad",5,0,5
2020-10-26,"escort hospital, faridabad",5,0,5
2020-10-26,"asian hospital, faridabad",2,0,2
2020-10-26,"alchemist hospital sector 21, panchkula",8,1,9
2020-10-26,"paras hospital, panchkula",2,0,2
2020-10-26,"alchemist hospital sector-26, panchkula",2,1,3
2020-10-26,"civil hospital, panchkula",16,0,16
2020-10-26,"lnjp civil hospital, kurukshetra",7,0,7
2020-10-26,total,166,28,194
2020-10-27,"pt bd sharma pgims, rohtak",16,0,16
2020-10-27,"bpsgmc, khanpur kalan, sonepat",7,2,9
2020-10-27,"shkm govt. medical college nalhar, nuh",1,0,1
2020-10-27,"kcgmc, karnal",17,2,19
2020-10-27,"mamc, agroha, hisar",9,3,12
2020-10-27,"esic medical college and hospital, faridabad",12,8,20
2020-10-27,"m.m. institute of medical sciences & research, mulana (deemed university)",2,1,3
2020-10-27,"world college of medical sciences, jhajjar",1,0,1
2020-10-27,"aarvy hospital, gurugram",1,1,2
2020-10-27,narayana hospital gurugram,1,1,2
2020-10-27,"paras hospitals, gurugram",1,1,2
2020-10-27,"metro hospital, faridabad",17,3,20
2020-10-27,"qrg central, faridabad",9,1,10
2020-10-27,"qrg medicare, faridabad",12,0,12
2020-10-27,"sarvoday hospital sector 8, faridabad",13,2,15
2020-10-27,"park hospital, faridabad",4,0,4
2020-10-27,"escort hospital, faridabad",5,0,5
2020-10-27,"asian hospital, faridabad",1,0,1
2020-10-27,"alchemist hospital sector 21, panchkula",6,1,7
2020-10-27,"paras hospital, panchkula",0,0,0
2020-10-27,"alchemist hospital sector-26, panchkula",3,0,3
2020-10-27,"civil hospital, panchkula",17,0,17
2020-10-27,"lnjp civil hospital, kurukshetra",1,0,1
2020-10-27,"shri balaji aarogyam hospital, kurukshetra",21,0,21
2020-10-27,total,177,26,203
2020-10-28,"pt bd sharma pgims, rohtak",10,0,10
2020-10-28,"bpsgmc, khanpur kalan, sonepat",11,3,14
2020-10-28,"shkm govt. medical college nalhar, nuh",1,0,1
2020-10-28,"kcgmc, karnal",13,1,14
2020-10-28,"mamc, agroha, hisar",11,2,13
2020-10-28,"esic medical college and hospital, faridabad",10,10,20
2020-10-28,"m.m. institute of medical sciences & research, mulana (deemed university)",4,1,5
2020-10-28,"world college of medical sciences, jhajjar",1,0,1
2020-10-28,"aarvy hospital, gurugram",1,1,2
2020-10-28,narayana hospital gurugram,1,1,2
2020-10-28,"paras hospitals, gurugram",1,1,2
2020-10-28,"metro hospital, faridabad",22,2,24
2020-10-28,"qrg central, faridabad",10,1,11
2020-10-28,"qrg medicare, faridabad",11,0,11
2020-10-28,"sarvoday hospital sector 8, faridabad",16,2,18
2020-10-28,"park hospital, faridabad",3,0,3
2020-10-28,"escort hospital, faridabad",6,0,6
2020-10-28,"asian hospital, faridabad",0,1,1
2020-10-28,"alchemist hospital sector 21, panchkula",3,1,4
2020-10-28,"alchemist hospital sector-26, panchkula",4,1,5
2020-10-28,"civil hospital, panchkula",16,0,16
2020-10-28,"lnjp civil hospital, kurukshetra",1,0,1
2020-10-28,"shri balaji aarogyam hospital, kurukshetra",21,0,21
2020-10-28,total,177,28,205
2020-10-29,"pt bd sharma pgims, rohtak",10,0,10
2020-10-29,"bpsgmc, khanpur kalan, sonepat",10,2,12
2020-10-29,"shkm govt. medical college nalhar, nuh",1,0,1
2020-10-29,"kcgmc, karnal",13,1,14
2020-10-29,"mamc, agroha, hisar",8,2,10
2020-10-29,"esic medical college and hospital, faridabad",12,12,24
2020-10-29,"m.m. institute of medical sciences & research, mulana (deemed university)",2,2,4
2020-10-29,"world college of medical sciences, jhajjar",1,0,1
2020-10-29,"aarvy hospital, gurugram",1,1,2
2020-10-29,narayana hospital gurugram,1,1,2
2020-10-29,"paras hospitals, gurugram",1,1,2
2020-10-29,"metro hospital, faridabad",19,2,21
2020-10-29,"qrg central, faridabad",12,1,13
2020-10-29,"qrg medicare, faridabad",13,0,13
2020-10-29,"sarvodaya hospital sector 8, faridabad",15,1,16
2020-10-29,"park hospital, faridabad",3,0,3
2020-10-29,"escort hospital, faridabad",5,1,6
2020-10-29,"asian hospital, faridabad",0,1,1
2020-10-29,"alchemist hospital sector 21, panchkula",7,1,8
2020-10-29,"alchemist hospital sector-26, panchkula",5,1,6
2020-10-29,"paras hospital, panchkula",1,0,1
2020-10-29,"civil hospital, panchkula",14,0,14
2020-10-29,"lnjp civil hospital, kurukshetra",1,0,1
2020-10-29,"shri balaji aarogyam hospital, kurukshetra",21,0,21
2020-10-29,total,176,30,206
2020-10-30,"pt bd sharma pgims, rohtak",13,0,13
2020-10-30,"bpsgmc, khanpur kalan, sonepat",9,3,12
2020-10-30,"shkm govt. medical college nalhar, nuh",2,0,2
2020-10-30,"kcgmc, karnal",12,0,12
2020-10-30,"mamc, agroha, hisar",7,2,9
2020-10-30,"esic medical college and hospital, faridabad",13,13,26
2020-10-30,"m.m. institute of medical sciences & research, mulana (deemed university)",5,2,7
2020-10-30,"world college of medical sciences, jhajjar",1,0,1
2020-10-30,"aarvy hospital, gurugram",1,1,2
2020-10-30,narayana hospital gurugram,1,1,2
2020-10-30,"paras hospitals, gurugram",1,1,2
2020-10-30,"metro hospital, faridabad",18,1,19
2020-10-30,"qrg central, faridabad",12,1,13
2020-10-30,"qrg medicare, faridabad",12,0,12
2020-10-30,"sarvodaya hospital sector 8, faridabad",14,1,15
2020-10-30,"park hospital, faridabad",3,0,3
2020-10-30,"escort hospital, faridabad",5,1,6
2020-10-30,"asian hospital, faridabad",0,1,1
2020-10-30,"alchemist hospital sector 21, panchkula",9,1,10
2020-10-30,"alchemist hospital sector-26, panchkula",6,1,7
2020-10-30,"paras hospital, panchkula",1,0,1
2020-10-30,"civil hospital, panchkula",13,0,13
2020-10-30,"lnjp civil hospital, kurukshetra",1,0,1
2020-10-30,"shri balaji aarogyam hospital, kurukshetra",21,0,21
2020-10-30,total,180,30,210
2020-11-01,"pt bd sharma pgims, rohtak",16,0,16
2020-11-01,"bpsgmc, khanpur kalan, sonepat",8,3,11
2020-11-01,"shkm govt. medical college nalhar, nuh",1,0,1
2020-11-01,"kcgmc, karnal",14,1,15
2020-11-01,"mamc, agroha, hisar",9,3,12
2020-11-01,"esic medical college and hospital, faridabad",13,13,26
2020-11-01,"m.m. institute of medical sciences & research, mulana (deemed university)",5,3,8
2020-11-01,"world college of medical sciences, jhajjar",1,0,1
2020-11-01,"aarvy hospital, gurugram",1,1,2
2020-11-01,narayana hospital gurugram,1,1,2
2020-11-01,"paras hospitals, gurugram",1,1,2
2020-11-01,"metro hospital, faridabad",16,1,17
2020-11-01,"qrg central, faridabad",5,1,6
2020-11-01,"qrg medicare, faridabad",12,0,12
2020-11-01,"sarvodaya hospital sector 8, faridabad",11,2,13
2020-11-01,"park hospital, faridabad",3,0,3
2020-11-01,"escort hospital, faridabad",9,0,9
2020-11-01,"asian hospital, faridabad",4,1,5
2020-11-01,"alchemist hospital sector 21, panchkula",7,0,7
2020-11-01,"alchemist hospital sector-26, panchkula",4,1,5
2020-11-01,"paras hospital, panchkula",2,0,2
2020-11-01,"civil hospital, panchkula",14,0,14
2020-11-01,"lnjp civil hospital, kurukshetra",1,0,1
2020-11-01,"shri balaji aarogyam hospital, kurukshetra",21,0,21
2020-11-01,total,179,32,211
2020-11-02,"pt bd sharma pgims, rohtak",16,0,16
2020-11-02,"bpsgmc, khanpur kalan, sonepat",12,2,14
2020-11-02,"shkm govt. medical college nalhar, nuh",1,0,1
2020-11-02,"kcgmc, karnal",15,1,16
2020-11-02,"mamc, agroha, hisar",8,3,11
2020-11-02,"esic medical college and hospital, faridabad",12,11,23
2020-11-02,"m.m. institute of medical sciences & research, mulana (deemed university)",6,2,8
2020-11-02,"aarvy hospital, gurugram",1,1,2
2020-11-02,narayana hospital gurugram,1,1,2
2020-11-02,"paras hospitals, gurugram",1,1,2
2020-11-02,"metro hospital, faridabad",15,1,16
2020-11-02,"qrg central, faridabad",5,1,6
2020-11-02,"qrg medicare, faridabad",13,1,14
2020-11-02,"sarvodaya hospital sector 8, faridabad",12,2,14
2020-11-02,"park hospital, faridabad",3,0,3
2020-11-02,"escort hospital, faridabad",7,0,7
2020-11-02,"asian hospital, faridabad",4,1,5
2020-11-02,"alchemist hospital sector 21, panchkula",5,0,5
2020-11-02,"alchemist hospital sector-26, panchkula",3,2,5
2020-11-02,"paras hospital, panchkula",3,0,3
2020-11-02,"civil hospital, panchkula",11,0,11
2020-11-02,"lnjp civil hospital, kurukshetra",1,0,1
2020-11-02,"shri balaji aarogyam hospital, kurukshetra",21,0,21
2020-11-02,total,176,30,206
2020-11-03,"pt bd sharma pgims, rohtak",13,3,16
2020-11-03,"bpsgmc, khanpur kalan, sonepat",17,0,17
2020-11-03,"shkm govt. medical college nalhar, nuh",1,0,1
2020-11-03,"kcgmc, karnal",12,1,13
2020-11-03,"mamc, agroha, hisar",30,4,34
2020-11-03,"esic medical college and hospital, faridabad",15,9,24
2020-11-03,"m.m. institute of medical sciences & research, mulana (deemed university)",7,3,10
2020-11-03,"aarvy hospital, gurugram",1,1,2
2020-11-03,narayana hospital gurugram,1,1,2
2020-11-03,"paras hospitals, gurugram",1,1,2
2020-11-03,"metro hospital, faridabad",18,2,20
2020-11-03,"qrg central, faridabad",7,0,7
2020-11-03,"qrg medicare, faridabad",15,0,15
2020-11-03,"sarvodaya hospital sector 8, faridabad",13,3,16
2020-11-03,"park hospital, faridabad",3,0,3
2020-11-03,"escort hospital, faridabad",10,0,10
2020-11-03,"asian hospital, faridabad",5,2,7
2020-11-03,"alchemist hospital sector 21, panchkula",3,1,4
2020-11-03,"alchemist hospital sector-26, panchkula",3,1,4
2020-11-03,"paras hospital, panchkula",1,0,1
2020-11-03,"civil hospital, panchkula",10,0,10
2020-11-03,"lnjp civil hospital, kurukshetra",1,0,1
2020-11-03,"shri balaji aarogyam hospital, kurukshetra",21,0,21
2020-11-03,total,208,32,240
2020-11-04,"pt bd sharma pgims, rohtak",12,1,13
2020-11-04,"bpsgmc, khanpur kalan, sonepat",15,1,16
2020-11-04,"shkm govt. medical college nalhar, nuh",0,1,1
2020-11-04,"kcgmc, karnal",16,1,17
2020-11-04,"mamc, agroha, hisar",30,3,33
2020-11-04,"esic medical college and hospital, faridabad",17,9,26
2020-11-04,"m.m. institute of medical sciences & research, mulana (deemed university)",6,5,11
2020-11-04,"aarvy hospital, gurugram",1,1,2
2020-11-04,narayana hospital gurugram,1,1,2
2020-11-04,"paras hospitals, gurugram",1,1,2
2020-11-04,"metro hospital, faridabad",18,2,20
2020-11-04,"qrg central, faridabad",17,0,17
2020-11-04,"qrg medicare, faridabad",17,0,17
2020-11-04,"sarvodaya hospital sector 8, faridabad",14,2,16
2020-11-04,"park hospital, faridabad",3,0,3
2020-11-04,"escort hospital, faridabad",10,0,10
2020-11-04,"asian hospital, faridabad",5,2,7
2020-11-04,"alchemist hospital sector 21, panchkula",6,1,7
2020-11-04,"alchemist hospital sector-26, panchkula",4,1,5
2020-11-04,"paras hospital, panchkula",2,0,2
2020-11-04,"civil hospital, panchkula",8,0,8
2020-11-04,"lnjp civil hospital, kurukshetra",1,0,1
2020-11-04,"shri balaji aarogyam hospital, kurukshetra",21,0,21
2020-11-04,total,225,32,257
2020-11-05,"pt bd sharma pgims, rohtak",12,1,13
2020-11-05,"bpsgmc, khanpur kalan, sonepat",13,5,18
2020-11-05,"shkm govt. medical college nalhar, nuh",0,1,1
2020-11-05,"kcgmc, karnal",19,1,20
2020-11-05,"mamc, agroha, hisar",31,3,34
2020-11-05,"esic medical college and hospital, faridabad",11,7,18
2020-11-05,"m.m. institute of medical sciences & research, mulana (deemed university)",5,4,9
2020-11-05,"aarvy hospital, gurugram",1,1,2
2020-11-05,narayana hospital gurugram,1,1,2
2020-11-05,"paras hospitals, gurugram",1,1,2
2020-11-05,"metro hospital, faridabad",20,3,23
2020-11-05,"qrg central, faridabad",17,0,17
2020-11-05,"qrg medicare, faridabad",17,0,17
2020-11-05,"sarvodaya hospital sector 8, faridabad",15,1,16
2020-11-05,"park hospital, faridabad",5,0,5
2020-11-05,"escort hospital, faridabad",11,0,11
2020-11-05,"asian hospital, faridabad",8,1,9
2020-11-05,"alchemist hospital sector 21, panchkula",4,0,4
2020-11-05,"alchemist hospital sector-26, panchkula",4,1,5
2020-11-05,"paras hospital, panchkula",3,1,4
2020-11-05,"civil hospital, panchkula",8,0,8
2020-11-05,"lnjp civil hospital, kurukshetra",1,0,1
2020-11-05,"shri balaji aarogyam hospital, kurukshetra",21,0,21
2020-11-05,total,228,32,260
2020-11-06,"pt bd sharma pgims, rohtak",12,1,13
2020-11-06,"bpsgmc, khanpur kalan, sonepat",18,2,20
2020-11-06,"shkm govt medical college nalhar, nuh",0,1,1
2020-11-06,"kcgmc, karnal",20,2,22
2020-11-06,"mamc, agroha, hisar",31,3,34
2020-11-06,"esic medical college and hospital, faridabad",12,9,21
2020-11-06,"mm institute of medical sciences & research, mulana (deemed university)",6,3,9
2020-11-06,"aarvy hospital, gurugram",1,1,2
2020-11-06,narayana hospital gurugram,1,1,2
2020-11-06,"paras hospitals, gurugram",1,1,2
2020-11-06,"metro hospital, faridabad",11,2,13
2020-11-06,"qrg central, faridabad",12,0,12
2020-11-06,"qrg medicare, faridabad",18,0,18
2020-11-06,"sarvodaya hospital sector 8, faridabad",13,1,14
2020-11-06,"park hospital, faridabad",5,0,5
2020-11-06,"escort hospital, faridabad",12,0,12
2020-11-06,"asian hospital, faridabad",7,2,9
2020-11-06,"alchemist hospital sector 21, panchkula",3,0,3
2020-11-06,"alchemist hospital sector-26, panchkula",4,1,5
2020-11-06,"paras hospital, panchkula",1,1,2
2020-11-06,"civil hospital, panchkula",11,0,11
2020-11-06,"lnjp civil hospital, kurukshetra",1,0,1
2020-11-06,"shri balaji aarogyam hospital, kurukshetra",21,0,21
2020-11-06,total,221,31,252
2020-11-07,"pt bd sharma pgims, rohtak",13,2,15
2020-11-07,"bpsgmc, khanpur kalan, sonepat",14,5,19
2020-11-07,"shkm govt medical college nalhar, nuh",1,1,2
2020-11-07,"kcgmc, karnal",1,2,3
2020-11-07,"mamc, agroha, hisar",34,3,37
2020-11-07,"esic medical college and hospital, faridabad",13,8,21
2020-11-07,"mm institute of medical sciences & research, mulana (deemed university)",3,3,6
2020-11-07,"aarvy hospital, gurugram",1,1,2
2020-11-07,narayana hospital gurugram,1,1,2
2020-11-07,"paras hospitals, gurugram",1,1,2
2020-11-07,"metro hospital, faridabad",11,1,12
2020-11-07,"qrg central, faridabad",16,0,16
2020-11-07,"qrg medicare, faridabad",23,1,24
2020-11-07,"sarvodaya hospital sector 8, faridabad",15,1,16
2020-11-07,"park hospital, faridabad",5,0,5
2020-11-07,"escort hospital, faridabad",12,0,12
2020-11-07,"asian hospital, faridabad",7,2,9
2020-11-07,"alchemist hospital sector 21, panchkula",4,0,4
2020-11-07,"alchemist hospital sector-26, panchkula",5,0,5
2020-11-07,"paras hospital, panchkula",2,1,3
2020-11-07,"civil hospital, panchkula",8,0,8
2020-11-07,"lnjp civil hospital, kurukshetra",1,0,1
2020-11-07,"shri balaji aarogyam hospital, kurukshetra",21,0,21
2020-11-07,total,212,33,245
2020-11-08,"pt bd sharma pgims, rohtak",13,2,15
2020-11-08,"bpsgmc, khanpur kalan, sonepat",19,5,24
2020-11-08,"shkm govt medical college nalhar, nuh",1,0,1
2020-11-08,"kcgmc, karnal",19,1,20
2020-11-08,"mamc, agroha, hisar",40,2,42
2020-11-08,"esic medical college and hospital, faridabad",18,8,26
2020-11-08,"mm institute of medical sciences & research, mulana (deemed university)",3,3,6
2020-11-08,"sgt medical college & hospital & research institute, budhera, gurugram (deemed university)",1,0,1
2020-11-08,"aarvy hospital, gurugram",1,1,2
2020-11-08,narayana hospital gurugram,1,1,2
2020-11-08,"paras hospitals, gurugram",1,1,2
2020-11-08,"metro hospital, faridabad",12,1,13
2020-11-08,"qrg central, faridabad",10,0,10
2020-11-08,"qrg medicare, faridabad",23,2,25
2020-11-08,"sarvodaya hospital sector 8, faridabad",10,1,11
2020-11-08,"park hospital, faridabad",3,0,3
2020-11-08,"escort hospital, faridabad",10,0,10
2020-11-08,"asian hospital, faridabad",7,2,9
2020-11-08,"alchemist hospital sector 21, panchkula",3,0,3
2020-11-08,"alchemist hospital sector-26, panchkula",6,0,6
2020-11-08,"paras hospital, panchkula",4,1,5
2020-11-08,"civil hospital, panchkula",17,0,17
2020-11-08,"lnjp civil hospital, kurukshetra",1,0,1
2020-11-08,"shri balaji aarogyam hospital, kurukshetra",21,0,21
2020-11-08,total,244,31,275
2020-11-09,"pt bd sharma pgims, rohtak",13,4,17
2020-11-09,"bpsgmc, khanpur kalan, sonepat",14,5,19
2020-11-09,"shkm govt medical college nalhar, nuh",1,0,1
2020-11-09,"kcgmc, karnal",19,1,20
2020-11-09,"mamc, agroha, hisar",59,1,60
2020-11-09,"esic medical college and hospital, faridabad",19,10,29
2020-11-09,"mm institute of medical sciences & research, mulana (deemed university)",3,3,6
2020-11-09,"sgt medical college & hospital & research institute, budhera, gurugram (deemed university)",1,0,1
2020-11-09,"aarvy hospital, gurugram",1,1,2
2020-11-09,narayana hospital gurugram,1,1,2
2020-11-09,"paras hospitals, gurugram",1,1,2
2020-11-09,"metro hospital, faridabad",9,1,10
2020-11-09,"qrg central, faridabad",9,0,9
2020-11-09,"qrg medicare, faridabad",26,2,28
2020-11-09,"sarvodaya hospital sector 8, faridabad",11,1,12
2020-11-09,"park hospital, faridabad",5,0,5
2020-11-09,"escort hospital, faridabad",9,0,9
2020-11-09,"asian hospital, faridabad",7,1,8
2020-11-09,"alchemist hospital sector 21, panchkula",10,0,10
2020-11-09,"alchemist hospital sector-26, panchkula",8,1,9
2020-11-09,"paras hospital, panchkula",4,1,5
2020-11-09,"civil hospital, panchkula",15,0,15
2020-11-09,"lnjp civil hospital, kurukshetra",1,0,1
2020-11-09,"shri balaji aarogyam hospital, kurukshetra",21,0,21
2020-11-09,total,267,34,301
2020-11-10,"pt bd sharma pgims, rohtak",13,6,19
2020-11-10,"bpsgmc, khanpur kalan, sonepat",19,2,21
2020-11-10,"shkm govt medical college nalhar, nuh",2,0,2
2020-11-10,"kcgmc, karnal",21,1,22
2020-11-10,"mamc, agroha, hisar",55,1,56
2020-11-10,"esic medical college and hospital, faridabad",23,7,30
2020-11-10,"mm institute of medical sciences & research, mulana (deemed university)",4,3,7
2020-11-10,"sgt medical college & hospital & research institute, budhera, gurugram (deemed university)",3,0,3
2020-11-10,"world college of medical sciences, jhajjar",1,0,1
2020-11-10,"aarvy hospital, gurugram",1,1,2
2020-11-10,narayana hospital gurugram,1,1,2
2020-11-10,"paras hospitals, gurugram",1,1,2
2020-11-10,"metro hospital, faridabad",10,1,11
2020-11-10,"qrg central, faridabad",8,1,9
2020-11-10,"qrg medicare, faridabad",17,2,19
2020-11-10,"sarvodaya hospital sector 8, faridabad",12,0,12
2020-11-10,"park hospital, faridabad",5,1,6
2020-11-10,"escort hospital, faridabad",8,0,8
2020-11-10,"asian hospital, faridabad",6,2,8
2020-11-10,"alchemist hospital sector 21, panchkula",9,0,9
2020-11-10,"alchemist hospital sector-26, panchkula",9,1,10
2020-11-10,"paras hospital, panchkula",7,0,7
2020-11-10,"civil hospital, panchkula",15,0,15
2020-11-10,"lnjp civil hospital, kurukshetra",1,0,1
2020-11-10,"shri balaji aarogyam hospital, kurukshetra",21,0,21
2020-11-10,total,272,31,303
2020-11-11,"pt bd sharma pgims, rohtak",13,6,19
2020-11-11,"bpsgmc, khanpur kalan, sonepat",19,2,21
2020-11-11,"shkm govt medical college nalhar, nuh",2,0,2
2020-11-11,"kcgmc, karnal",21,1,22
2020-11-11,"mamc, agroha, hisar",55,1,56
2020-11-11,"esic medical college and hospital, faridabad",23,7,30
2020-11-11,"mm institute of medical sciences & research, mulana (deemed university)",4,3,7
2020-11-11,"sgt medical college & hospital & research institute, budhera, gurugram (deemed university)",3,0,3
2020-11-11,"world college of medical sciences, jhajjar",1,0,1
2020-11-11,"aarvy hospital, gurugram",1,1,2
2020-11-11,narayana hospital gurugram,1,1,2
2020-11-11,"paras hospitals, gurugram",1,1,2
2020-11-11,"metro hospital, faridabad",10,1,11
2020-11-11,"qrg central, faridabad",8,1,9
2020-11-11,"qrg medicare, faridabad",17,2,19
2020-11-11,"sarvodaya hospital sector 8, faridabad",12,0,12
2020-11-11,"park hospital, faridabad",5,1,6
2020-11-11,"escort hospital, faridabad",8,0,8
2020-11-11,"asian hospital, faridabad",6,2,8
2020-11-11,"alchemist hospital sector 21, panchkula",9,0,9
2020-11-11,"alchemist hospital sector-26, panchkula",9,1,10
2020-11-11,"paras hospital, panchkula",7,0,7
2020-11-11,"civil hospital, panchkula",15,0,15
2020-11-11,"lnjp civil hospital, kurukshetra",1,0,1
2020-11-11,"shri balaji aarogyam hospital, kurukshetra",21,0,21
2020-11-11,total,272,31,303
2020-11-12,"pt bd sharma pgims, rohtak",17,6,23
2020-11-12,"bpsgmc, khanpur kalan, sonepat",28,2,30
2020-11-12,"shkm govt medical college nalhar, nuh",2,1,3
2020-11-12,"kcgmc, karnal",21,1,22
2020-11-12,"mamc, agroha, hisar",52,0,52
2020-11-12,"esic medical college and hospital, faridabad",23,9,32
2020-11-12,"mm institute of medical sciences & research, mulana (deemed university)",6,4,10
2020-11-12,"sgt medical college & hospital & research institute, budhera, gurugram (deemed university)",1,0,1
2020-11-12,"world college of medical sciences, jhajjar",1,0,1
2020-11-12,"aarvy hospital, gurugram",1,1,2
2020-11-12,narayana hospital gurugram,1,1,2
2020-11-12,"paras hospitals, gurugram",1,1,2
2020-11-12,"metro hospital, faridabad",10,0,10
2020-11-12,"qrg central, faridabad",9,1,10
2020-11-12,"qrg medicare, faridabad",21,1,22
2020-11-12,"sarvodaya hospital sector 8, faridabad",12,1,13
2020-11-12,"park hospital, faridabad",5,1,6
2020-11-12,"escort hospital, faridabad",9,0,9
2020-11-12,"asian hospital, faridabad",7,1,8
2020-11-12,"alchemist hospital sector 21, panchkula",6,0,6
2020-11-12,"alchemist hospital sector-26, panchkula",7,1,8
2020-11-12,"paras hospital, panchkula",8,1,9
2020-11-12,"civil hospital, panchkula",13,0,13
2020-11-12,"lnjp civil hospital, kurukshetra",1,0,1
2020-11-12,"shri balaji aarogyam hospital, kurukshetra",21,0,21
2020-11-12,total,283,33,316
2020-11-13,"pt bd sharma pgims, rohtak",15,4,19
2020-11-13,"bpsgmc, khanpur kalan, sonepat",23,2,25
2020-11-13,"shkm govt medical college nalhar, nuh",3,1,4
2020-11-13,"kcgmc, karnal",20,1,21
2020-11-13,"mamc, agroha, hisar",47,1,48
2020-11-13,"esic medical college and hospital, faridabad",25,13,38
2020-11-13,"mm institute of medical sciences & research, mulana (deemed university)",6,3,9
2020-11-13,"sgt medical college & hospital & research institute, budhera, gurugram (deemed university)",1,0,1
2020-11-13,"world college of medical sciences, jhajjar",2,0,2
2020-11-13,"aarvy hospital, gurugram",1,1,2
2020-11-13,narayana hospital gurugram,1,1,2
2020-11-13,"paras hospitals, gurugram",1,1,2
2020-11-13,"metro hospital, faridabad",15,1,16
2020-11-13,"qrg central, faridabad",10,1,11
2020-11-13,"qrg medicare, faridabad",21,1,22
2020-11-13,"sarvodaya hospital sector 8, faridabad",11,1,12
2020-11-13,"park hospital, faridabad",5,1,6
2020-11-13,"escort hospital, faridabad",9,0,9
2020-11-13,"asian hospital, faridabad",8,1,9
2020-11-13,"alchemist hospital sector 21, panchkula",7,0,7
2020-11-13,"alchemist hospital sector-26, panchkula",6,0,6
2020-11-13,"paras hospital, panchkula",8,0,8
2020-11-13,"civil hospital, panchkula",12,0,12
2020-11-13,"lnjp civil hospital, kurukshetra",1,0,1
2020-11-13,"shri balaji aarogyam hospital, kurukshetra",21,0,21
2020-11-13,total,279,34,313
2020-11-14,"pt bd sharma pgims, rohtak",18,11,29
2020-11-14,"bpsgmc, khanpur kalan, sonepat",22,1,23
2020-11-14,"shkm govt medical college nalhar, nuh",6,0,6
2020-11-14,"kcgmc, karnal",18,2,20
2020-11-14,"mamc, agroha, hisar",47,2,49
2020-11-14,"esic medical college and hospital, faridabad",23,13,36
2020-11-14,"mm institute of medical sciences & research, mulana (deemed university)",6,3,9
2020-11-14,"sgt medical college & hospital & research institute, budhera, gurugram (deemed university)",1,0,1
2020-11-14,"world college of medical sciences, jhajjar",3,0,3
2020-11-14,"aarvy hospital, gurugram",1,1,2
2020-11-14,narayana hospital gurugram,1,1,2
2020-11-14,"paras hospitals, gurugram",1,1,2
2020-11-14,"metro hospital, faridabad",16,1,17
2020-11-14,"qrg central, faridabad",10,1,11
2020-11-14,"qrg medicare, faridabad",20,1,21
2020-11-14,"sarvodaya hospital sector 8, faridabad",13,0,13
2020-11-14,"park hospital, faridabad",5,5,10
2020-11-14,"escort hospital, faridabad",10,0,10
2020-11-14,"asian hospital, faridabad",5,3,8
2020-11-14,"alchemist hospital sector 21, panchkula",12,3,15
2020-11-14,"alchemist hospital sector-26, panchkula",6,0,6
2020-11-14,"paras hospital, panchkula",5,0,5
2020-11-14,"civil hospital, panchkula",12,0,12
2020-11-14,"lnjp civil hospital, kurukshetra",1,0,1
2020-11-14,"shri balaji aarogyam hospital, kurukshetra",21,0,21
2020-11-14,total,283,49,332
2020-11-15,"pt bd sharma pgims, rohtak",16,6,22
2020-11-15,"bpsgmc, khanpur kalan, sonepat",12,2,14
2020-11-15,"shkm govt medical college nalhar, nuh",5,1,6
2020-11-15,"kcgmc, karnal",19,2,21
2020-11-15,"mamc, agroha, hisar",47,2,49
2020-11-15,"esic medical college and hospital, faridabad",21,14,35
2020-11-15,"mm institute of medical sciences & research, mulana (deemed university)",7,3,10
2020-11-15,"sgt medical college & hospital & research institute, budhera, gurugram (deemed university)",1,0,1
2020-11-15,"world college of medical sciences, jhajjar",5,0,5
2020-11-15,"aarvy hospital, gurugram",1,1,2
2020-11-15,narayana hospital gurugram,1,1,2
2020-11-15,"paras hospitals, gurugram",1,1,2
2020-11-15,"metro hospital, faridabad",18,3,21
2020-11-15,"qrg central, faridabad",18,0,18
2020-11-15,"qrg medicare, faridabad",27,1,28
2020-11-15,"sarvodaya hospital sector 8, faridabad",14,0,14
2020-11-15,"park hospital, faridabad",6,3,9
2020-11-15,"escort hospital, faridabad",9,0,9
2020-11-15,"asian hospital, faridabad",5,1,6
2020-11-15,"alchemist hospital sector 21, panchkula",12,1,13
2020-11-15,"alchemist hospital sector-26, panchkula",7,0,7
2020-11-15,"paras hospital, panchkula",6,0,6
2020-11-15,"civil hospital, panchkula",12,0,12
2020-11-15,"lnjp civil hospital, kurukshetra",1,0,1
2020-11-15,"shri balaji aarogyam hospital, kurukshetra",21,0,21
2020-11-15,total,292,42,334
2020-11-16,"pt bd sharma pgims, rohtak",19,7,26
2020-11-16,"bpsgmc, khanpur kalan, sonepat",22,2,24
2020-11-16,"shkm govt medical college nalhar, nuh",5,1,6
2020-11-16,"kcgmc, karnal",17,2,19
2020-11-16,"mamc, agroha, hisar",47,2,49
2020-11-16,"esic medical college and hospital, faridabad",19,20,39
2020-11-16,"mm institute of medical sciences & research, mulana (deemed university)",7,3,10
2020-11-16,"sgt medical college & hospital & research institute, budhera, gurugram (deemed university)",1,1,2
2020-11-16,"world college of medical sciences, jhajjar",5,0,5
2020-11-16,"aarvy hospital, gurugram",1,1,2
2020-11-16,narayana hospital gurugram,1,1,2
2020-11-16,"paras hospitals, gurugram",1,1,2
2020-11-16,"metro hospital, faridabad",14,3,17
2020-11-16,"qrg central, faridabad",16,0,16
2020-11-16,"qrg medicare, faridabad",22,0,22
2020-11-16,"sarvodaya hospital sector 8, faridabad",13,0,13
2020-11-16,"park hospital, faridabad",7,0,7
2020-11-16,"escort hospital, faridabad",14,0,14
2020-11-16,"asian hospital, faridabad",10,2,12
2020-11-16,"alchemist hospital sector 21, panchkula",9,2,11
2020-11-16,"alchemist hospital sector-26, panchkula",6,0,6
2020-11-16,"paras hospital, panchkula",5,0,5
2020-11-16,"civil hospital, panchkula",16,0,16
2020-11-16,"lnjp civil hospital, kurukshetra",1,0,1
2020-11-16,"shri balaji aarogyam hospital, kurukshetra",21,0,21
2020-11-16,total,299,48,347
2020-11-17,"pt bd sharma pgims, rohtak",19,8,27
2020-11-17,"bpsgmc, khanpur kalan, sonepat",25,4,29
2020-11-17,"shkm govt medical college nalhar, nuh",5,1,6
2020-11-17,"kcgmc, karnal",16,1,17
2020-11-17,"mamc, agroha, hisar",45,2,47
2020-11-17,"esic medical college and hospital, faridabad",19,19,38
2020-11-17,"mm institute of medical sciences & research, mulana (deemed university)",8,3,11
2020-11-17,"sgt medical college & hospital & research institute, budhera, gurugram (deemed university)",1,1,2
2020-11-17,"world college of medical sciences, jhajjar",8,0,8
2020-11-17,"aarvy hospital, gurugram",1,1,2
2020-11-17,narayana hospital gurugram,1,1,2
2020-11-17,"paras hospitals, gurugram",1,1,2
2020-11-17,"metro hospital, faridabad",13,3,16
2020-11-17,"qrg central, faridabad",16,1,17
2020-11-17,"qrg medicare, faridabad",23,1,24
2020-11-17,"sarvodaya hospital sector 8, faridabad",24,0,24
2020-11-17,"park hospital, faridabad",1,1,2
2020-11-17,"escort hospital, faridabad",12,0,12
2020-11-17,"asian hospital, faridabad",7,2,9
2020-11-17,"alchemist hospital sector 21, panchkula",13,1,14
2020-11-17,"alchemist hospital sector-26, panchkula",6,0,6
2020-11-17,"paras hospital, panchkula",11,0,11
2020-11-17,"civil hospital, panchkula",16,0,16
2020-11-17,"lnjp civil hospital, kurukshetra",1,0,1
2020-11-17,"shri balaji aarogyam hospital, kurukshetra",21,0,21
2020-11-17,total,313,51,364
2020-11-18,"pt bd sharma pgims, rohtak",16,8,24
2020-11-18,"bpsgmc, khanpur kalan, sonepat",20,4,24
2020-11-18,"shkm govt medical college nalhar, nuh",6,2,8
2020-11-18,"kcgmc, karnal",17,1,18
2020-11-18,"mamc, agroha, hisar",40,3,43
2020-11-18,"esic medical college and hospital, faridabad",13,19,32
2020-11-18,"mm institute of medical sciences & research, mulana (deemed university)",8,3,11
2020-11-18,"sgt medical college & hospital & research institute, budhera, gurugram (deemed university)",1,1,2
2020-11-18,"world college of medical sciences, jhajjar",4,0,4
2020-11-18,"aarvy hospital, gurugram",1,1,2
2020-11-18,narayana hospital gurugram,1,1,2
2020-11-18,"paras hospitals, gurugram",1,1,2
2020-11-18,"metro hospital, faridabad",30,5,35
2020-11-18,"qrg central, faridabad",16,1,17
2020-11-18,"qrg medicare, faridabad",23,1,24
2020-11-18,"sarvodaya hospital sector 8, faridabad",22,1,23
2020-11-18,"park hospital, faridabad",7,1,8
2020-11-18,"escort hospital, faridabad",11,0,11
2020-11-18,"asian hospital, faridabad",7,3,10
2020-11-18,"alchemist hospital sector 21, panchkula",14,0,14
2020-11-18,"alchemist hospital sector-26, panchkula",5,0,5
2020-11-18,"paras hospital, panchkula",13,0,13
2020-11-18,"civil hospital, panchkula",18,0,18
2020-11-18,"lnjp civil hospital, kurukshetra",1,0,1
2020-11-18,"shri balaji aarogyam hospital, kurukshetra",21,0,21
2020-11-18,total,316,56,372
2020-11-19,"pt bd sharma pgims, rohtak",19,8,27
2020-11-19,"bpsgmc, khanpur kalan, sonepat",22,7,29
2020-11-19,"shkm govt medical college nalhar, nuh",5,1,6
2020-11-19,"kcgmc, karnal",20,2,22
2020-11-19,"mamc, agroha, hisar",51,2,53
2020-11-19,"esic medical college and hospital, faridabad",18,19,37
2020-11-19,"mm institute of medical sciences & research, mulana (deemed university)",7,3,10
2020-11-19,"sgt medical college & hospital & research institute, budhera, gurugram (deemed university)",1,0,1
2020-11-19,"world college of medical sciences, jhajjar",4,0,4
2020-11-19,artemis hospital gurugram,1,1,2
2020-11-19,fortis hospital gurugram,4,4,8
2020-11-19,"medanta - the medicity, gurugram",1,1,2
2020-11-19,"metro hospital, faridabad",38,7,45
2020-11-19,"qrg central, faridabad",15,0,15
2020-11-19,"qrg medicare, faridabad",24,1,25
2020-11-19,"sarvodaya hospital sector 8, faridabad",22,1,23
2020-11-19,"park hospital, faridabad",8,1,9
2020-11-19,"escort hospital, faridabad",12,0,12
2020-11-19,"asian hospital, faridabad",6,3,9
2020-11-19,"alchemist hospital sector 21, panchkula",13,0,13
2020-11-19,"alchemist hospital sector-26, panchkula",5,1,6
2020-11-19,"paras hospital, panchkula",12,0,12
2020-11-19,"civil hospital, panchkula",18,0,18
2020-11-19,"lnjp civil hospital, kurukshetra",1,0,1
2020-11-19,"shri balaji aarogyam hospital, kurukshetra",21,0,21
2020-11-19,total,348,62,410
2020-11-20,"pt bd sharma pgims, rohtak",19,7,26
2020-11-20,"bpsgmc, khanpur kalan, sonepat",29,6,35
2020-11-20,"shkm govt medical college nalhar, nuh",5,0,5
2020-11-20,"kcgmc, karnal",22,2,24
2020-11-20,"mamc, agroha, hisar",52,4,56
2020-11-20,"esic medical college and hospital, faridabad",23,17,40
2020-11-20,"mm institute of medical sciences & research, mulana (deemed university)",5,3,8
2020-11-20,"sgt medical college & hospital & research institute, budhera, gurugram (deemed university)",1,0,1
2020-11-20,"world college of medical sciences, jhajjar",2,0,2
2020-11-20,artemis hospital gurugram,1,1,2
2020-11-20,fortis hospital gurugram,4,4,8
2020-11-20,"medanta - the medicity, gurugram",1,1,2
2020-11-20,"metro hospital, faridabad",33,6,39
2020-11-20,"qrg central, faridabad",11,0,11
2020-11-20,"qrg medicare, faridabad",24,1,25
2020-11-20,"sarvodaya hospital sector 8, faridabad",24,1,25
2020-11-20,"park hospital, faridabad",9,1,10
2020-11-20,"escort hospital, faridabad",10,0,10
2020-11-20,"asian hospital, faridabad",6,3,9
2020-11-20,"alchemist hospital sector 21, panchkula",15,0,15
2020-11-20,"alchemist hospital sector-26, panchkula",5,1,6
2020-11-20,"paras hospital, panchkula",15,0,15
2020-11-20,"civil hospital, panchkula",20,0,20
2020-11-20,"lnjp civil hospital, kurukshetra",1,0,1
2020-11-20,"shri balaji aarogyam hospital, kurukshetra",21,0,21
2020-11-20,total,358,58,416
2020-11-21,"pt bd sharma pgims, rohtak",19,6,25
2020-11-21,"bpsgmc, khanpur kalan, sonepat",27,7,34
2020-11-21,"shkm govt medical college nalhar, nuh",4,1,5
2020-11-21,"kcgmc, karnal",23,3,26
2020-11-21,"mamc, agroha, hisar",57,2,59
2020-11-21,"esic medical college and hospital, faridabad",22,18,40
2020-11-21,"adesh medical college & hospital, shahabad, kurukshetra",0,1,1
2020-11-21,"mm institute of medical sciences & research, mulana (deemed university)",5,3,8
2020-11-21,"sgt medical college & hospital & research institute, budhera, gurugram (deemed university)",1,0,1
2020-11-21,"world college of medical sciences, jhajjar",3,0,3
2020-11-21,artemis hospital gurugram,1,1,2
2020-11-21,fortis hospital gurugram,4,4,8
2020-11-21,"medanta - the medicity, gurugram",1,1,2
2020-11-21,"metro hospital, faridabad",40,5,45
2020-11-21,"qrg central, faridabad",11,0,11
2020-11-21,"qrg medicare, faridabad",27,1,28
2020-11-21,"sarvodaya hospital sector 8, faridabad",21,2,23
2020-11-21,"park hospital, faridabad",5,1,6
2020-11-21,"escort hospital, faridabad",12,0,12
2020-11-21,"asian hospital, faridabad",5,3,8
2020-11-21,"alchemist hospital sector 21, panchkula",16,1,17
2020-11-21,"alchemist hospital sector-26, panchkula",4,1,5
2020-11-21,"paras hospital, panchkula",15,0,15
2020-11-21,"civil hospital, panchkula",30,0,30
2020-11-21,"lnjp civil hospital, kurukshetra",1,0,1
2020-11-21,"shri balaji aarogyam hospital, kurukshetra",21,0,21
2020-11-21,total,375,61,436
2020-11-22,"pt bd sharma pgims, rohtak",17,6,23
2020-11-22,"bpsgmc, khanpur kalan, sonepat",26,10,36
2020-11-22,"shkm govt medical college nalhar, nuh",4,1,5
2020-11-22,"kcgmc, karnal",24,3,27
2020-11-22,"mamc, agroha, hisar",58,2,60
2020-11-22,"esic medical college and hospital, faridabad",26,12,38
2020-11-22,"adesh medical college & hospital, shahabad, kurukshetra",0,1,1
2020-11-22,"mm institute of medical sciences & research, mulana (deemed university)",4,3,7
2020-11-22,"world college of medical sciences, jhajjar",3,0,3
2020-11-22,artemis hospital gurugram,1,1,2
2020-11-22,fortis hospital gurugram,4,4,8
2020-11-22,"medanta - the medicity, gurugram",1,1,2
2020-11-22,"metro hospital, faridabad",40,6,46
2020-11-22,"qrg central, faridabad",12,0,12
2020-11-22,"qrg medicare, faridabad",14,1,15
2020-11-22,"sarvodaya hospital sector 8, faridabad",19,0,19
2020-11-22,"park hospital, faridabad",5,1,6
2020-11-22,"escort hospital, faridabad",9,0,9
2020-11-22,"asian hospital, faridabad",5,2,7
2020-11-22,"alchemist hospital sector 21, panchkula",13,1,14
2020-11-22,"alchemist hospital sector-26, panchkula",5,1,6
2020-11-22,"paras hospital, panchkula",13,0,13
2020-11-22,"civil hospital, panchkula",34,0,34
2020-11-22,"lnjp civil hospital, kurukshetra",1,0,1
2020-11-22,"shri balaji aarogyam hospital, kurukshetra",21,0,21
2020-11-22,total,359,56,415
2020-11-23,"pt bd sharma pgims, rohtak",18,6,24
2020-11-23,"bpsgmc, khanpur kalan, sonepat",22,9,31
2020-11-23,"shkm govt medical college nalhar, nuh",4,1,5
2020-11-23,"kcgmc, karnal",26,3,29
2020-11-23,"mamc, agroha, hisar",59,2,61
2020-11-23,"esic medical college and hospital, faridabad",28,11,39
2020-11-23,"adesh medical college & hospital, shahabad, kurukshetra",0,1,1
2020-11-23,"mm institute of medical sciences & research, mulana (deemed university)",4,3,7
2020-11-23,"world college of medical sciences, jhajjar",3,0,3
2020-11-23,artemis hospital gurugram,1,1,2
2020-11-23,fortis hospital gurugram,4,4,8
2020-11-23,"medanta - the medicity, gurugram",1,1,2
2020-11-23,"metro hospital, faridabad",46,5,51
2020-11-23,"qrg central, faridabad",17,0,17
2020-11-23,"qrg medicare, faridabad",27,4,31
2020-11-23,"sarvodaya hospital sector 8, faridabad",23,0,23
2020-11-23,"park hospital, faridabad",6,1,7
2020-11-23,"escort hospital, faridabad",11,0,11
2020-11-23,"asian hospital, faridabad",5,1,6
2020-11-23,"alchemist hospital sector 21, panchkula",15,0,15
2020-11-23,"alchemist hospital sector-26, panchkula",4,1,5
2020-11-23,"paras hospital, panchkula",16,0,16
2020-11-23,"civil hospital, panchkula",29,0,29
2020-11-23,"lnjp civil hospital, kurukshetra",1,0,1
2020-11-23,"shri balaji aarogyam hospital, kurukshetra",21,0,21
2020-11-23,total,391,54,445
2020-11-24,"pt bd sharma pgims, rohtak",16,4,20
2020-11-24,"bpsgmc, khanpur kalan, sonepat",32,5,37
2020-11-24,"shkm govt medical college nalhar, nuh",4,1,5
2020-11-24,"kcgmc, karnal",27,4,31
2020-11-24,"mamc, agroha, hisar",60,2,62
2020-11-24,"esic medical college and hospital, faridabad",28,13,41
2020-11-24,"adesh medical college & hospital, shahabad, kurukshetra",0,1,1
2020-11-24,"mm institute of medical sciences & research, mulana (deemed university)",3,4,7
2020-11-24,"world college of medical sciences, jhajjar",3,0,3
2020-11-24,artemis hospital gurugram,1,1,2
2020-11-24,fortis hospital gurugram,4,4,8
2020-11-24,"medanta - the medicity, gurugram",1,1,2
2020-11-24,"metro hospital, faridabad",47,7,54
2020-11-24,"qrg central, faridabad",19,0,19
2020-11-24,"qrg medicare, faridabad",24,1,25
2020-11-24,"sarvodaya hospital sector 8, faridabad",21,0,21
2020-11-24,"park hospital, faridabad",7,1,8
2020-11-24,"escort hospital, faridabad",7,1,8
2020-11-24,"asian hospital, faridabad",10,1,11
2020-11-24,"alchemist hospital sector 21, panchkula",9,0,9
2020-11-24,"alchemist hospital sector-26, panchkula",4,1,5
2020-11-24,"paras hospital, panchkula",14,1,15
2020-11-24,"civil hospital, panchkula",29,0,29
2020-11-24,"lnjp civil hospital, kurukshetra",1,0,1
2020-11-24,"shri balaji aarogyam hospital, kurukshetra",21,0,21
2020-11-24,total,392,53,445
2020-11-25,"pt bd sharma pgims, rohtak",18,4,22
2020-11-25,"bpsgmc, khanpur kalan, sonepat",30,6,36
2020-11-25,"shkm govt medical college nalhar, nuh",3,1,4
2020-11-25,"kcgmc, karnal",26,4,30
2020-11-25,"mamc, agroha, hisar",62,2,64
2020-11-25,"esic medical college and hospital, faridabad",32,7,39
2020-11-25,"adesh medical college & hospital, shahabad, kurukshetra",0,1,1
2020-11-25,"mm institute of medical sciences & research, mulana (deemed university)",3,4,7
2020-11-25,"sgt medical college & hospital & research institute, budhera, gurugram (deemed university)",2,0,2
2020-11-25,"world college of medical sciences, jhajjar",1,0,1
2020-11-25,artemis hospital gurugram,1,1,2
2020-11-25,fortis hospital gurugram,5,5,10
2020-11-25,"medanta - the medicity, gurugram",3,3,6
2020-11-25,"metro hospital, faridabad",32,7,39
2020-11-25,"qrg central, faridabad",19,0,19
2020-11-25,"qrg medicare, faridabad",18,0,18
2020-11-25,"sarvodaya hospital sector 8, faridabad",15,0,15
2020-11-25,"park hospital, faridabad",5,1,6
2020-11-25,"escort hospital, faridabad",6,1,7
2020-11-25,"asian hospital, faridabad",14,2,16
2020-11-25,"alchemist hospital sector 21, panchkula",11,0,11
2020-11-25,"alchemist hospital sector-26, panchkula",3,1,4
2020-11-25,"paras hospital, panchkula",15,1,16
2020-11-25,"civil hospital, panchkula",29,0,29
2020-11-25,"lnjp civil hospital, kurukshetra",1,0,1
2020-11-25,"shri balaji aarogyam hospital, kurukshetra",21,0,21
2020-11-25,total,375,51,426
2020-11-26,"pt bd sharma pgims, rohtak",21,4,25
2020-11-26,"bpsgmc, khanpur kalan, sonepat",31,5,36
2020-11-26,"shkm govt medical college nalhar, nuh",4,0,4
2020-11-26,"kcgmc, karnal",24,5,29
2020-11-26,"mamc, agroha, hisar",61,2,63
2020-11-26,"esic medical college and hospital, faridabad",27,14,41
2020-11-26,"adesh medical college & hospital, shahabad, kurukshetra",0,1,1
2020-11-26,"mm institute of medical sciences & research, mulana (deemed university)",7,4,11
2020-11-26,"sgt medical college & hospital & research institute, budhera, gurugram (deemed university)",2,0,2
2020-11-26,"world college of medical sciences, jhajjar",1,0,1
2020-11-26,artemis hospital gurugram,1,1,2
2020-11-26,fortis hospital gurugram,5,5,10
2020-11-26,"medanta - the medicity, gurugram",3,3,6
2020-11-26,"metro hospital, faridabad",28,8,36
2020-11-26,"qrg central, faridabad",22,0,22
2020-11-26,"qrg medicare, faridabad",20,0,20
2020-11-26,"sarvodaya hospital sector 8, faridabad",14,0,14
2020-11-26,"park hospital, faridabad",4,1,5
2020-11-26,"escort hospital, faridabad",7,1,8
2020-11-26,"asian hospital, faridabad",15,1,16
2020-11-26,"alchemist hospital sector 21, panchkula",8,0,8
2020-11-26,"alchemist hospital sector-26, panchkula",4,1,5
2020-11-26,"paras hospital, panchkula",15,1,16
2020-11-26,"civil hospital, panchkula",26,0,26
2020-11-26,"lnjp civil hospital, kurukshetra",1,0,1
2020-11-26,"shri balaji aarogyam hospital, kurukshetra",21,0,21
2020-11-26,total,372,57,429
2020-11-27,"pt bd sharma pgims, rohtak",17,3,20
2020-11-27,"bpsgmc, khanpur kalan, sonepat",26,7,33
2020-11-27,"shkm govt medical college nalhar, nuh",4,0,4
2020-11-27,"kcgmc, karnal",24,6,30
2020-11-27,"mamc, agroha, hisar",55,0,55
2020-11-27,"esic medical college and hospital, faridabad",30,8,38
2020-11-27,"mm institute of medical sciences & research, mulana (deemed university)",4,3,7
2020-11-27,"sgt medical college & hospital & research institute, budhera, gurugram (deemed university)",2,0,2
2020-11-27,"world college of medical sciences, jhajjar",1,0,1
2020-11-27,artemis hospital gurugram,1,1,2
2020-11-27,fortis hospital gurugram,5,5,10
2020-11-27,"medanta - the medicity, gurugram",3,3,6
2020-11-27,"metro hospital, faridabad",25,7,32
2020-11-27,"qrg central, faridabad",14,0,14
2020-11-27,"qrg medicare, faridabad",24,0,24
2020-11-27,"sarvodaya hospital sector 8, faridabad",19,0,19
2020-11-27,"park hospital, faridabad",5,1,6
2020-11-27,"escort hospital, faridabad",6,2,8
2020-11-27,"asian hospital, faridabad",18,2,20
2020-11-27,"alchemist hospital sector 21, panchkula",15,0,15
2020-11-27,"alchemist hospital sector-26, panchkula",4,1,5
2020-11-27,"paras hospital, panchkula",19,3,22
2020-11-27,"civil hospital, panchkula",20,0,20
2020-11-27,"lnjp civil hospital, kurukshetra",1,0,1
2020-11-27,"shri balaji aarogyam hospital, kurukshetra",21,0,21
2020-11-27,total,363,52,415
2020-11-28,"pt bd sharma pgims, rohtak",17,6,23
2020-11-28,"bpsgmc, khanpur kalan, sonepat",25,7,32
2020-11-28,"shkm govt medical college nalhar, nuh",4,0,4
2020-11-28,"kcgmc, karnal",28,6,34
2020-11-28,"mamc, agroha, hisar",52,2,54
2020-11-28,"esic medical college and hospital, faridabad",31,10,41
2020-11-28,"mm institute of medical sciences & research, mulana (deemed university)",4,2,6
2020-11-28,"sgt medical college & hospital & research institute, budhera, gurugram (deemed university)",2,0,2
2020-11-28,"world college of medical sciences, jhajjar",2,0,2
2020-11-28,narayana hospital gurugram,2,2,4
2020-11-28,fortis hospital gurugram,3,3,6
2020-11-28,"medanta - the medicity, gurugram",1,1,2
2020-11-28,"metro hospital, faridabad",31,7,38
2020-11-28,"qrg central, faridabad",10,0,10
2020-11-28,"qrg medicare, faridabad",18,0,18
2020-11-28,"sarvodaya hospital sector 8, faridabad",18,1,19
2020-11-28,"park hospital, faridabad",6,1,7
2020-11-28,"escort hospital, faridabad",6,1,7
2020-11-28,"asian hospital, faridabad",18,3,21
2020-11-28,"alchemist hospital sector 21, panchkula",17,0,17
2020-11-28,"alchemist hospital sector-26, panchkula",3,0,3
2020-11-28,"paras hospital, panchkula",16,1,17
2020-11-28,"civil hospital, panchkula",28,1,29
2020-11-28,"lnjp civil hospital, kurukshetra",1,0,1
2020-11-28,"shri balaji aarogyam hospital, kurukshetra",21,0,21
2020-11-28,total,364,54,418
2020-11-29,"pt bd sharma pgims, rohtak",17,4,21
2020-11-29,"bpsgmc, khanpur kalan, sonepat",21,10,31
2020-11-29,"shkm govt medical college nalhar, nuh",2,0,2
2020-11-29,"kcgmc, karnal",24,4,28
2020-11-29,"mamc, agroha, hisar",53,2,55
2020-11-29,"esic medical college and hospital, faridabad",27,14,41
2020-11-29,"mm institute of medical sciences & research, mulana (deemed university)",5,3,8
2020-11-29,"sgt medical college & hospital & research institute, budhera, gurugram (deemed university)",1,0,1
2020-11-29,"world college of medical sciences, jhajjar",2,0,2
2020-11-29,narayana hospital gurugram,2,2,4
2020-11-29,fortis hospital gurugram,3,3,6
2020-11-29,"medanta - the medicity, gurugram",1,1,2
2020-11-29,"metro hospital, faridabad",36,7,43
2020-11-29,"qrg central, faridabad",18,0,18
2020-11-29,"qrg medicare, faridabad",18,1,19
2020-11-29,"sarvodaya hospital sector 8, faridabad",17,1,18
2020-11-29,"park hospital, faridabad",3,1,4
2020-11-29,"escort hospital, faridabad",8,1,9
2020-11-29,"asian hospital, faridabad",0,2,2
2020-11-29,"alchemist hospital sector 21, panchkula",21,2,23
2020-11-29,"alchemist hospital sector-26, panchkula",4,0,4
2020-11-29,"paras hospital, panchkula",14,1,15
2020-11-29,"civil hospital, panchkula",28,1,29
2020-11-29,"lnjp civil hospital, kurukshetra",1,0,1
2020-11-29,"shri balaji aarogyam hospital, kurukshetra",21,0,21
2020-11-29,total,347,60,407
2020-11-30,"pt bd sharma pgims, rohtak",18,4,22
2020-11-30,"bpsgmc, khanpur kalan, sonepat",24,9,33
2020-11-30,"shkm govt medical college nalhar, nuh",2,0,2
2020-11-30,"kcgmc, karnal",25,4,29
2020-11-30,"mamc, agroha, hisar",52,2,54
2020-11-30,"esic medical college and hospital, faridabad",28,14,42
2020-11-30,"mm institute of medical sciences & research, mulana (deemed university)",5,2,7
2020-11-30,"sgt medical college & hospital & research institute, budhera, gurugram (deemed university)",1,0,1
2020-11-30,"world college of medical sciences, jhajjar",2,0,2
2020-11-30,narayana hospital gurugram,2,2,4
2020-11-30,fortis hospital gurugram,3,3,6
2020-11-30,"medanta - the medicity, gurugram",1,1,2
2020-11-30,"metro hospital, faridabad",48,5,53
2020-11-30,"qrg central, faridabad",14,0,14
2020-11-30,"qrg medicare, faridabad",19,1,20
2020-11-30,"sarvodaya hospital sector 8, faridabad",13,1,14
2020-11-30,"park hospital, faridabad",5,0,5
2020-11-30,"escort hospital, faridabad",8,2,10
2020-11-30,"asian hospital, faridabad",20,3,23
2020-11-30,"alchemist hospital sector 21, panchkula",16,1,17
2020-11-30,"alchemist hospital sector-26, panchkula",4,0,4
2020-11-30,"paras hospital, panchkula",13,1,14
2020-11-30,"civil hospital, panchkula",31,1,32
2020-11-30,"lnjp civil hospital, kurukshetra",1,0,1
2020-11-30,"shri balaji aarogyam hospital, kurukshetra",21,0,21
2020-11-30,total,376,56,432
2020-12-01,"pt bd sharma pgims, rohtak",12,2,14
2020-12-01,"bpsgmc, khanpur kalan, sonepat",23,10,33
2020-12-01,"shkm govt medical college nalhar, nuh",4,0,4
2020-12-01,"kcgmc, karnal",26,5,31
2020-12-01,"mamc, agroha, hisar",54,2,56
2020-12-01,"esic medical college and hospital, faridabad",27,14,41
2020-12-01,"mm institute of medical sciences & research, mulana (deemed university)",4,2,6
2020-12-01,"sgt medical college & hospital & research institute, budhera, gurugram (deemed university)",1,0,1
2020-12-01,"world college of medical sciences, jhajjar",1,0,1
2020-12-01,narayana hospital gurugram,2,2,4
2020-12-01,fortis hospital gurugram,3,3,6
2020-12-01,"medanta - the medicity, gurugram",1,1,2
2020-12-01,"metro hospital, faridabad",47,5,52
2020-12-01,"qrg central, faridabad",14,0,14
2020-12-01,"qrg medicare, faridabad",16,1,17
2020-12-01,"sarvodaya hospital sector 8, faridabad",12,2,14
2020-12-01,"park hospital, faridabad",5,0,5
2020-12-01,"escort hospital, faridabad",5,1,6
2020-12-01,"asian hospital, faridabad",19,2,21
2020-12-01,"alchemist hospital sector 21, panchkula",14,0,14
2020-12-01,"alchemist hospital sector-26, panchkula",4,2,6
2020-12-01,"paras hospital, panchkula",9,2,11
2020-12-01,"civil hospital, panchkula",30,1,31
2020-12-01,"lnjp civil hospital, kurukshetra",1,0,1
2020-12-01,"shri balaji aarogyam hospital, kurukshetra",21,0,21
2020-12-01,total,355,57,412
2020-12-02,"pt bd sharma pgims, rohtak",16,3,19
2020-12-02,"bpsgmc, khanpur kalan, sonepat",18,9,27
2020-12-02,"shkm govt medical college nalhar, nuh",5,0,5
2020-12-02,"kcgmc, karnal",23,4,27
2020-12-02,"mamc, agroha, hisar",54,2,56
2020-12-02,"esic medical college and hospital, faridabad",27,14,41
2020-12-02,"mm institute of medical sciences & research, mulana (deemed university)",5,4,9
2020-12-02,"sgt medical college & hospital & research institute, budhera, gurugram (deemed university)",1,0,1
2020-12-02,"world college of medical sciences, jhajjar",1,0,1
2020-12-02,narayana hospital gurugram,2,2,4
2020-12-02,fortis hospital gurugram,3,3,6
2020-12-02,"medanta - the medicity, gurugram",1,1,2
2020-12-02,"metro hospital, faridabad",47,5,52
2020-12-02,"qrg central, faridabad",14,0,14
2020-12-02,"qrg medicare, faridabad",16,1,17
2020-12-02,"sarvodaya hospital sector 8, faridabad",12,2,14
2020-12-02,"park hospital, faridabad",5,0,5
2020-12-02,"escort hospital, faridabad",5,1,6
2020-12-02,"asian hospital, faridabad",19,2,21
2020-12-02,"alchemist hospital sector 21, panchkula",16,0,16
2020-12-02,"alchemist hospital sector-26, panchkula",4,1,5
2020-12-02,"paras hospital, panchkula",9,0,9
2020-12-02,"civil hospital, panchkula",36,0,36
2020-12-02,"lnjp civil hospital, kurukshetra",1,0,1
2020-12-02,"shri balaji aarogyam hospital, kurukshetra",21,0,21
2020-12-02,total,361,54,415
2020-12-03,"pt bd sharma pgims, rohtak",18,3,21
2020-12-03,"bpsgmc, khanpur kalan, sonepat",16,9,25
2020-12-03,"shkm govt medical college nalhar, nuh",5,0,5
2020-12-03,"kcgmc, karnal",24,3,27
2020-12-03,"mamc, agroha, hisar",46,2,48
2020-12-03,"esic medical college and hospital, faridabad",27,13,40
2020-12-03,"mm institute of medical sciences & research, mulana (deemed university)",3,4,7
2020-12-03,"sgt medical college & hospital & research institute, budhera, gurugram (deemed university)",1,0,1
2020-12-03,narayana hospital gurugram,2,2,4
2020-12-03,fortis hospital gurugram,3,3,6
2020-12-03,"medanta - the medicity, gurugram",1,1,2
2020-12-03,"metro hospital, faridabad",28,5,33
2020-12-03,"qrg central, faridabad",8,0,8
2020-12-03,"qrg medicare, faridabad",11,2,13
2020-12-03,"sarvodaya hospital sector 8, faridabad",5,0,5
2020-12-03,"park hospital, faridabad",4,0,4
2020-12-03,"escort hospital, faridabad",3,1,4
2020-12-03,"asian hospital, faridabad",10,2,12
2020-12-03,"alchemist hospital sector 21, panchkula",15,0,15
2020-12-03,"alchemist hospital sector-26, panchkula",6,1,7
2020-12-03,"paras hospital, panchkula",11,0,11
2020-12-03,"civil hospital, panchkula",36,1,37
2020-12-03,"lnjp civil hospital, kurukshetra",1,0,1
2020-12-03,"shri balaji aarogyam hospital, kurukshetra",21,0,21
2020-12-03,total,305,52,357
2020-12-04,"pt bd sharma pgims, rohtak",18,2,20
2020-12-04,"bpsgmc, khanpur kalan, sonepat",21,8,29
2020-12-04,"shkm govt medical college nalhar, nuh",2,1,3
2020-12-04,"kcgmc, karnal",23,2,25
2020-12-04,"mamc, agroha, hisar",47,2,49
2020-12-04,"esic medical college and hospital, faridabad",29,13,42
2020-12-04,"mm institute of medical sciences & research, mulana (deemed university)",3,5,8
2020-12-04,narayana hospital gurugram,2,2,4
2020-12-04,fortis hospital gurugram,3,3,6
2020-12-04,"medanta - the medicity, gurugram",1,1,2
2020-12-04,"metro hospital, faridabad",27,5,32
2020-12-04,"qrg central, faridabad",18,0,18
2020-12-04,"qrg medicare, faridabad",9,2,11
2020-12-04,"sarvodaya hospital sector 8, faridabad",5,1,6
2020-12-04,"park hospital, faridabad",3,0,3
2020-12-04,"escort hospital, faridabad",4,0,4
2020-12-04,"asian hospital, faridabad",9,2,11
2020-12-04,"alchemist hospital sector 21, panchkula",13,0,13
2020-12-04,"alchemist hospital sector-26, panchkula",8,1,9
2020-12-04,"paras hospital, panchkula",10,0,10
2020-12-04,"civil hospital, panchkula",43,0,43
2020-12-04,"lnjp civil hospital, kurukshetra",1,0,1
2020-12-04,"shri balaji aarogyam hospital, kurukshetra",21,0,21
2020-12-04,total,320,50,370
2020-12-05,"pt bd sharma pgims, rohtak",16,3,19
2020-12-05,"bpsgmc, khanpur kalan, sonepat",23,10,33
2020-12-05,"shkm govt medical college nalhar, nuh",3,0,3
2020-12-05,"kcgmc, karnal",24,3,27
2020-12-05,"mamc, agroha, hisar",47,1,48
2020-12-05,"esic medical college and hospital, faridabad",29,11,40
2020-12-05,"mm institute of medical sciences & research, mulana (deemed university)",3,5,8
2020-12-05,narayana hospital gurugram,2,2,4
2020-12-05,fortis hospital gurugram,3,3,6
2020-12-05,"medanta - the medicity, gurugram",1,1,2
2020-12-05,"metro hospital, faridabad",31,4,35
2020-12-05,"qrg central, faridabad",18,0,18
2020-12-05,"qrg medicare, faridabad",9,2,11
2020-12-05,"sarvodaya hospital sector 8, faridabad",5,0,5
2020-12-05,"park hospital, faridabad",3,0,3
2020-12-05,"escort hospital, faridabad",3,0,3
2020-12-05,"asian hospital, faridabad",4,2,6
2020-12-05,"alchemist hospital sector 21, panchkula",16,0,16
2020-12-05,"alchemist hospital sector-26, panchkula",7,1,8
2020-12-05,"paras hospital, panchkula",13,0,13
2020-12-05,"civil hospital, panchkula",39,0,39
2020-12-05,"lnjp civil hospital, kurukshetra",1,0,1
2020-12-05,"shri balaji aarogyam hospital, kurukshetra",21,0,21
2020-12-05,total,321,48,369
2020-12-06,"pt bd sharma pgims, rohtak",20,3,23
2020-12-06,"bpsgmc, khanpur kalan, sonepat",17,9,26
2020-12-06,"shkm govt medical college nalhar, nuh",3,0,3
2020-12-06,"kcgmc, karnal",20,3,23
2020-12-06,"mamc, agroha, hisar",49,0,49
2020-12-06,"esic medical college and hospital, faridabad",26,8,34
2020-12-06,"mm institute of medical sciences & research, mulana (deemed university)",3,7,10
2020-12-06,narayana hospital gurugram,2,2,4
2020-12-06,fortis hospital gurugram,3,3,6
2020-12-06,"medanta - the medicity, gurugram",1,1,2
2020-12-06,"metro hospital, faridabad",35,6,41
2020-12-06,"qrg central, faridabad",18,0,18
2020-12-06,"qrg medicare, faridabad",14,2,16
2020-12-06,"sarvodaya hospital sector 8, faridabad",5,0,5
2020-12-06,"park hospital, faridabad",3,0,3
2020-12-06,"escort hospital, faridabad",3,0,3
2020-12-06,"asian hospital, faridabad",10,1,11
2020-12-06,"alchemist hospital sector 21, panchkula",12,0,12
2020-12-06,"alchemist hospital sector-26, panchkula",6,0,6
2020-12-06,"paras hospital, panchkula",14,0,14
2020-12-06,"civil hospital, panchkula",40,0,40
2020-12-06,"lnjp civil hospital, kurukshetra",1,0,1
2020-12-06,"shri balaji aarogyam hospital, kurukshetra",21,0,21
2020-12-06,total,326,45,371
2020-12-07,"pt bd sharma pgims, rohtak",14,4,18
2020-12-07,"bpsgmc, khanpur kalan, sonepat",17,9,26
2020-12-07,"shkm govt medical college nalhar, nuh",2,0,2
2020-12-07,"kcgmc, karnal",19,2,21
2020-12-07,"mamc, agroha, hisar",44,0,44
2020-12-07,"esic medical college and hospital, faridabad",25,9,34
2020-12-07,"mm institute of medical sciences & research, mulana (deemed university)",1,5,6
2020-12-07,narayana hospital gurugram,2,2,4
2020-12-07,fortis hospital gurugram,3,3,6
2020-12-07,"medanta - the medicity, gurugram",1,1,2
2020-12-07,"metro hospital, faridabad",25,6,31
2020-12-07,"qrg central, faridabad",14,1,15
2020-12-07,"qrg medicare, faridabad",12,0,12
2020-12-07,"sarvodaya hospital sector 8, faridabad",6,0,6
2020-12-07,"park hospital, faridabad",3,0,3
2020-12-07,"escort hospital, faridabad",3,0,3
2020-12-07,"asian hospital, faridabad",3,1,4
2020-12-07,"alchemist hospital sector 21, panchkula",16,0,16
2020-12-07,"alchemist hospital sector-26, panchkula",6,0,6
2020-12-07,"paras hospital, panchkula",14,0,14
2020-12-07,"civil hospital, panchkula",36,0,36
2020-12-07,"lnjp civil hospital, kurukshetra",1,0,1
2020-12-07,"shri balaji aarogyam hospital, kurukshetra",21,0,21
2020-12-07,total,288,43,331
2020-12-08,"pt bd sharma pgims, rohtak",17,3,20
2020-12-08,"bpsgmc, khanpur kalan, sonepat",17,9,26
2020-12-08,"shkm govt medical college nalhar, nuh",1,0,1
2020-12-08,"kcgmc, karnal",21,1,22
2020-12-08,"mamc, agroha, hisar",46,0,46
2020-12-08,"esic medical college and hospital, faridabad",26,7,33
2020-12-08,"mm institute of medical sciences & research, mulana (deemed university)",2,5,7
2020-12-08,narayana hospital gurugram,2,2,4
2020-12-08,fortis hospital gurugram,3,3,6
2020-12-08,"medanta - the medicity, gurugram",1,1,2
2020-12-08,"metro hospital, faridabad",19,7,26
2020-12-08,"qrg central, faridabad",12,0,12
2020-12-08,"qrg medicare, faridabad",8,1,9
2020-12-08,"sarvodaya hospital sector 8, faridabad",7,0,7
2020-12-08,"park hospital, faridabad",5,0,5
2020-12-08,"escort hospital, faridabad",3,0,3
2020-12-08,"asian hospital, faridabad",3,0,3
2020-12-08,"alchemist hospital sector 21, panchkula",14,0,14
2020-12-08,"alchemist hospital sector-26, panchkula",7,0,7
2020-12-08,"paras hospital, panchkula",6,2,8
2020-12-08,"civil hospital, panchkula",30,0,30
2020-12-08,"lnjp civil hospital, kurukshetra",1,0,1
2020-12-08,"shri balaji aarogyam hospital, kurukshetra",21,0,21
2020-12-08,total,272,41,313
2020-12-09,"pt bd sharma pgims, rohtak",14,3,17
2020-12-09,"bpsgmc, khanpur kalan, sonepat",17,6,23
2020-12-09,"shkm govt medical college nalhar, nuh",1,0,1
2020-12-09,"kcgmc, karnal",25,1,26
2020-12-09,"mamc, agroha, hisar",46,0,46
2020-12-09,"esic medical college and hospital, faridabad",27,7,34
2020-12-09,"mm institute of medical sciences & research, mulana (deemed university)",2,4,6
2020-12-09,artemis hospital gurugram,2,2,4
2020-12-09,fortis hospital gurugram,1,1,2
2020-12-09,"metro hospital, faridabad",24,4,28
2020-12-09,"qrg central, faridabad",15,0,15
2020-12-09,"qrg medicare, faridabad",8,1,9
2020-12-09,"sarvodaya hospital sector 8, faridabad",10,0,10
2020-12-09,"park hospital, faridabad",3,0,3
2020-12-09,"escort hospital, faridabad",3,1,4
2020-12-09,"asian hospital, faridabad",4,0,4
2020-12-09,"alchemist hospital sector 21, panchkula",14,0,14
2020-12-09,"alchemist hospital sector-26, panchkula",6,1,7
2020-12-09,"paras hospital, panchkula",7,1,8
2020-12-09,"civil hospital, panchkula",30,0,30
2020-12-09,"lnjp civil hospital, kurukshetra",1,0,1
2020-12-09,"shri balaji aarogyam hospital, kurukshetra",21,0,21
2020-12-09,total,281,32,313
2020-12-10,"pt bd sharma pgims, rohtak",12,3,15
2020-12-10,"bpsgmc, khanpur kalan, sonepat",28,5,33
2020-12-10,"shkm govt medical college nalhar, nuh",1,0,1
2020-12-10,"kcgmc, karnal",26,1,27
2020-12-10,"mamc, agroha, hisar",42,0,42
2020-12-10,"esic medical college and hospital, faridabad",23,8,31
2020-12-10,"mm institute of medical sciences & research, mulana (deemed university)",4,4,8
2020-12-10,artemis hospital gurugram,2,2,4
2020-12-10,fortis hospital gurugram,1,1,2
2020-12-10,"metro hospital, faridabad",18,4,22
2020-12-10,"qrg central, faridabad",11,0,11
2020-12-10,"qrg medicare, faridabad",8,1,9
2020-12-10,"sarvodaya hospital sector 8, faridabad",10,0,10
2020-12-10,"park hospital, faridabad",3,0,3
2020-12-10,"escort hospital, faridabad",3,1,4
2020-12-10,"asian hospital, faridabad",4,0,4
2020-12-10,"alchemist hospital sector 21, panchkula",16,1,17
2020-12-10,"alchemist hospital sector-26, panchkula",9,0,9
2020-12-10,"paras hospital, panchkula",8,1,9
2020-12-10,"civil hospital, panchkula",36,0,36
2020-12-10,"lnjp civil hospital, kurukshetra",1,0,1
2020-12-10,"shri balaji aarogyam hospital, kurukshetra",21,0,21
2020-12-10,total,287,32,319
2020-12-11,"pt bd sharma pgims, rohtak",12,2,14
2020-12-11,"bpsgmc, khanpur kalan, sonepat",26,4,30
2020-12-11,"shkm govt medical college nalhar, nuh",1,0,1
2020-12-11,"kcgmc, karnal",28,3,31
2020-12-11,"mamc, agroha, hisar",37,0,37
2020-12-11,"esic medical college and hospital, faridabad",19,7,26
2020-12-11,"mm institute of medical sciences & research, mulana (deemed university)",6,3,9
2020-12-11,artemis hospital gurugram,2,2,4
2020-12-11,fortis hospital gurugram,1,1,2
2020-12-11,"metro hospital, faridabad",17,4,21
2020-12-11,"qrg central, faridabad",15,0,15
2020-12-11,"qrg medicare, faridabad",9,0,9
2020-12-11,"sarvodaya hospital sector 8, faridabad",9,0,9
2020-12-11,"park hospital, faridabad",4,0,4
2020-12-11,"escort hospital, faridabad",4,1,5
2020-12-11,"asian hospital, faridabad",4,0,4
2020-12-11,"alchemist hospital sector 21, panchkula",12,0,12
2020-12-11,"alchemist hospital sector-26, panchkula",10,0,10
2020-12-11,"paras hospital, panchkula",6,0,6
2020-12-11,"civil hospital, panchkula",26,0,26
2020-12-11,"lnjp civil hospital, kurukshetra",1,0,1
2020-12-11,"shri balaji aarogyam hospital, kurukshetra",21,0,21
2020-12-11,total,270,27,297
2020-12-12,"pt bd sharma pgims, rohtak",12,3,15
2020-12-12,"bpsgmc, khanpur kalan, sonepat",27,4,31
2020-12-12,"shkm govt medical college nalhar, nuh",1,0,1
2020-12-12,"kcgmc, karnal",26,3,29
2020-12-12,"mamc, agroha, hisar",37,0,37
2020-12-12,"esic medical college and hospital, faridabad",20,8,28
2020-12-12,"mm institute of medical sciences & research, mulana (deemed university)",6,6,12
2020-12-12,artemis hospital gurugram,2,2,4
2020-12-12,fortis hospital gurugram,1,1,2
2020-12-12,"metro hospital, faridabad",17,2,19
2020-12-12,"qrg central, faridabad",10,0,10
2020-12-12,"qrg medicare, faridabad",6,1,7
2020-12-12,"sarvodaya hospital sector 8, faridabad",8,0,8
2020-12-12,"park hospital, faridabad",3,0,3
2020-12-12,"escort hospital, faridabad",4,1,5
2020-12-12,"asian hospital, faridabad",4,0,4
2020-12-12,"alchemist hospital sector 21, panchkula",10,0,10
2020-12-12,"alchemist hospital sector-26, panchkula",9,1,10
2020-12-12,"paras hospital, panchkula",7,0,7
2020-12-12,"civil hospital, panchkula",26,0,26
2020-12-12,"lnjp civil hospital, kurukshetra",1,0,1
2020-12-12,"shri balaji aarogyam hospital, kurukshetra",21,0,21
2020-12-12,total,258,32,290
2020-12-13,"pt bd sharma pgims, rohtak",13,3,16
2020-12-13,"bpsgmc, khanpur kalan, sonepat",23,5,28
2020-12-13,"shkm govt medical college nalhar, nuh",2,0,2
2020-12-13,"kcgmc, karnal",28,3,31
2020-12-13,"mamc, agroha, hisar",36,0,36
2020-12-13,"esic medical college and hospital, faridabad",18,7,25
2020-12-13,"mm institute of medical sciences & research, mulana (deemed university)",6,6,12
2020-12-13,artemis hospital gurugram,2,2,4
2020-12-13,fortis hospital gurugram,1,1,2
2020-12-13,"metro hospital, faridabad",18,0,18
2020-12-13,"qrg central, faridabad",14,0,14
2020-12-13,"qrg medicare, faridabad",6,1,7
2020-12-13,"sarvodaya hospital sector 8, faridabad",9,2,11
2020-12-13,"park hospital, faridabad",2,0,2
2020-12-13,"escort hospital, faridabad",7,0,7
2020-12-13,"asian hospital, faridabad",4,1,5
2020-12-13,"alchemist hospital sector 21, panchkula",12,0,12
2020-12-13,"alchemist hospital sector-26, panchkula",10,1,11
2020-12-13,"paras hospital, panchkula",9,0,9
2020-12-13,"civil hospital, panchkula",29,0,29
2020-12-13,"lnjp civil hospital, kurukshetra",1,0,1
2020-12-13,"shri balaji aarogyam hospital, kurukshetra",21,0,21
2020-12-13,total,271,32,303
2020-12-14,"pt bd sharma pgims, rohtak",12,3,15
2020-12-14,"bpsgmc, khanpur kalan, sonepat",22,3,25
2020-12-14,"shkm govt medical college nalhar, nuh",1,0,1
2020-12-14,"kcgmc, karnal",25,4,29
2020-12-14,"mamc, agroha, hisar",36,0,36
2020-12-14,"esic medical college and hospital, faridabad",14,9,23
2020-12-14,"mm institute of medical sciences & research, mulana (deemed university)",4,5,9
2020-12-14,artemis hospital gurugram,2,2,4
2020-12-14,fortis hospital gurugram,1,1,2
2020-12-14,"metro hospital, faridabad",16,3,19
2020-12-14,"qrg central, faridabad",12,0,12
2020-12-14,"qrg medicare, faridabad",6,1,7
2020-12-14,"sarvodaya hospital sector 8, faridabad",9,1,10
2020-12-14,"park hospital, faridabad",2,0,2
2020-12-14,"escort hospital, faridabad",3,0,3
2020-12-14,"asian hospital, faridabad",4,1,5
2020-12-14,"alchemist hospital sector 21, panchkula",11,0,11
2020-12-14,"alchemist hospital sector-26, panchkula",8,2,10
2020-12-14,"paras hospital, panchkula",9,1,10
2020-12-14,"civil hospital, panchkula",28,0,28
2020-12-14,"lnjp civil hospital, kurukshetra",1,0,1
2020-12-14,"shri balaji aarogyam hospital, kurukshetra",21,0,21
2020-12-14,total,247,36,283
2020-12-15,"pt bd sharma pgims, rohtak",15,3,18
2020-12-15,"bpsgmc, khanpur kalan, sonepat",24,3,27
2020-12-15,"shkm govt medical college nalhar, nuh",1,0,1
2020-12-15,"kcgmc, karnal",23,6,29
2020-12-15,"mamc, agroha, hisar",30,0,30
2020-12-15,"esic medical college and hospital, faridabad",17,8,25
2020-12-15,"mm institute of medical sciences & research, mulana (deemed university)",2,3,5
2020-12-15,artemis hospital gurugram,2,2,4
2020-12-15,fortis hospital gurugram,1,1,2
2020-12-15,"metro hospital, faridabad",15,3,18
2020-12-15,"qrg central, faridabad",7,0,7
2020-12-15,"qrg medicare, faridabad",3,0,3
2020-12-15,"sarvodaya hospital sector 8, faridabad",4,0,4
2020-12-15,"park hospital, faridabad",2,0,2
2020-12-15,"escort hospital, faridabad",4,0,4
2020-12-15,"asian hospital, faridabad",3,0,3
2020-12-15,"alchemist hospital sector 21, panchkula",9,1,10
2020-12-15,"alchemist hospital sector-26, panchkula",8,1,9
2020-12-15,"paras hospital, panchkula",6,1,7
2020-12-15,"civil hospital, panchkula",26,0,26
2020-12-15,"lnjp civil hospital, kurukshetra",1,0,1
2020-12-15,"shri balaji aarogyam hospital, kurukshetra",21,0,21
2020-12-15,total,224,32,256
2020-12-16,"pt bd sharma pgims, rohtak",11,3,14
2020-12-16,"bpsgmc, khanpur kalan, sonepat",16,3,19
2020-12-16,"shkm govt medical college nalhar, nuh",1,0,1
2020-12-16,"kcgmc, karnal",21,7,28
2020-12-16,"mamc, agroha, hisar",31,0,31
2020-12-16,"esic medical college and hospital, faridabad",19,7,26
2020-12-16,"mm institute of medical sciences & research, mulana (deemed university)",2,2,4
2020-12-16,artemis hospital gurugram,2,2,4
2020-12-16,fortis hospital gurugram,1,1,2
2020-12-16,"metro hospital, faridabad",9,3,12
2020-12-16,"qrg central, faridabad",7,1,8
2020-12-16,"qrg medicare, faridabad",5,0,5
2020-12-16,"sarvodaya hospital sector 8, faridabad",5,0,5
2020-12-16,"park hospital, faridabad",2,0,2
2020-12-16,"escort hospital, faridabad",3,0,3
2020-12-16,"asian hospital, faridabad",3,0,3
2020-12-16,"alchemist hospital sector 21, panchkula",10,1,11
2020-12-16,"alchemist hospital sector-26, panchkula",5,1,6
2020-12-16,"paras hospital, panchkula",7,0,7
2020-12-16,"civil hospital, panchkula",26,0,26
2020-12-16,"lnjp civil hospital, kurukshetra",1,0,1
2020-12-16,"shri balaji aarogyam hospital, kurukshetra",21,0,21
2020-12-16,total,208,31,239
2020-12-17,"pt bd sharma pgims, rohtak",13,3,16
2020-12-17,"bpsgmc, khanpur kalan, sonepat",15,3,18
2020-12-17,"kcgmc, karnal",22,3,25
2020-12-17,"mamc, agroha, hisar",33,0,33
2020-12-17,"esic medical college and hospital, faridabad",17,8,25
2020-12-17,"mm institute of medical sciences & research, mulana (deemed university)",3,5,8
2020-12-17,artemis hospital gurugram,2,2,4
2020-12-17,fortis hospital gurugram,1,1,2
2020-12-17,"metro hospital, faridabad",10,3,13
2020-12-17,"qrg central, faridabad",5,1,6
2020-12-17,"qrg medicare, faridabad",5,0,5
2020-12-17,"sarvodaya hospital sector 8, faridabad",5,0,5
2020-12-17,"park hospital, faridabad",1,0,1
2020-12-17,"escort hospital, faridabad",2,0,2
2020-12-17,"asian hospital, faridabad",4,0,4
2020-12-17,"alchemist hospital sector 21, panchkula",12,1,13
2020-12-17,"alchemist hospital sector-26, panchkula",5,1,6
2020-12-17,"paras hospital, panchkula",7,0,7
2020-12-17,"civil hospital, panchkula",23,0,23
2020-12-17,"lnjp civil hospital, kurukshetra",1,0,1
2020-12-17,"shri balaji aarogyam hospital, kurukshetra",21,0,21
2020-12-17,total,207,31,238
2020-12-18,"pt bd sharma pgims, rohtak",11,2,13
2020-12-18,"bpsgmc, khanpur kalan, sonepat",11,4,15
2020-12-18,"shkmgmc, nalhar",1,0,1
2020-12-18,"kcgmc, karnal",22,2,24
2020-12-18,"mamc, agroha, hisar",26,1,27
2020-12-18,"esic medical college and hospital, faridabad",22,4,26
2020-12-18,"mm institute of medical sciences & research, mulana (deemed university)",3,4,7
2020-12-18,artemis hospital gurugram,2,2,4
2020-12-18,fortis hospital gurugram,1,1,2
2020-12-18,"metro hospital, faridabad",11,3,14
2020-12-18,"qrg central, faridabad",5,1,6
2020-12-18,"qrg medicare, faridabad",6,0,6
2020-12-18,"sarvodaya hospital sector 8, faridabad",4,0,4
2020-12-18,"park hospital, faridabad",2,0,2
2020-12-18,"escort hospital, faridabad",2,0,2
2020-12-18,"asian hospital, faridabad",4,0,4
2020-12-18,"alchemist hospital sector 21, panchkula",12,2,14
2020-12-18,"alchemist hospital sector-26, panchkula",4,1,5
2020-12-18,"paras hospital, panchkula",7,1,8
2020-12-18,"civil hospital, panchkula",23,0,23
2020-12-18,"lnjp civil hospital, kurukshetra",1,0,1
2020-12-18,"shri balaji aarogyam hospital, kurukshetra",21,0,21
2020-12-18,total,201,28,229
2020-12-19,"pt bd sharma pgims, rohtak",10,1,11
2020-12-19,"bpsgmc, khanpur kalan, sonepat",13,2,15
2020-12-19,"shkmgmc, nalhar",1,0,1
2020-12-19,"kcgmc, karnal",20,0,20
2020-12-19,"mamc, agroha, hisar",26,0,26
2020-12-19,"esic medical college and hospital, faridabad",20,5,25
2020-12-19,"mm institute of medical sciences & research, mulana (deemed university)",3,3,6
2020-12-19,artemis hospital gurugram,2,2,4
2020-12-19,fortis hospital gurugram,1,1,2
2020-12-19,"metro hospital, faridabad",12,3,15
2020-12-19,"qrg central, faridabad",6,1,7
2020-12-19,"qrg medicare, faridabad",8,0,8
2020-12-19,"sarvodaya hospital sector 8, faridabad",1,1,2
2020-12-19,"park hospital, faridabad",2,0,2
2020-12-19,"escort hospital, faridabad",1,0,1
2020-12-19,"asian hospital, faridabad",7,0,7
2020-12-19,"alchemist hospital sector 21, panchkula",8,1,9
2020-12-19,"alchemist hospital sector-26, panchkula",3,1,4
2020-12-19,"paras hospital, panchkula",6,1,7
2020-12-19,"civil hospital, panchkula",19,0,19
2020-12-19,"lnjp civil hospital, kurukshetra",1,0,1
2020-12-19,"shri balaji aarogyam hospital, kurukshetra",21,0,21
2020-12-19,total,191,22,213
2020-12-20,"pt bd sharma pgims, rohtak",12,2,14
2020-12-20,"bpsgmc, khanpur kalan, sonepat",9,1,10
2020-12-20,"shkmgmc, nalhar",2,0,2
2020-12-20,"kcgmc, karnal",19,1,20
2020-12-20,"mamc, agroha, hisar",18,0,18
2020-12-20,"esic medical college and hospital, faridabad",18,5,23
2020-12-20,"mm institute of medical sciences & research, mulana (deemed university)",3,3,6
2020-12-20,artemis hospital gurugram,2,2,4
2020-12-20,fortis hospital gurugram,1,1,2
2020-12-20,"metro hospital, faridabad",12,2,14
2020-12-20,"qrg central, faridabad",8,1,9
2020-12-20,"qrg medicare, faridabad",8,0,8
2020-12-20,"sarvodaya hospital sector 8, faridabad",1,1,2
2020-12-20,"park hospital, faridabad",1,0,1
2020-12-20,"escort hospital, faridabad",2,0,2
2020-12-20,"asian hospital, faridabad",6,0,6
2020-12-20,"alchemist hospital sector 21, panchkula",9,1,10
2020-12-20,"alchemist hospital sector-26, panchkula",4,1,5
2020-12-20,"paras hospital, panchkula",6,0,6
2020-12-20,"civil hospital, panchkula",20,0,20
2020-12-20,"lnjp civil hospital, kurukshetra",1,0,1
2020-12-20,"shri balaji aarogyam hospital, kurukshetra",21,0,21
2020-12-20,total,183,21,204
2020-12-23,"pt bd sharma pgims, rohtak",8,2,10
2020-12-23,"bpsgmc, khanpur kalan, sonepat",10,0,10
2020-12-23,"shkmgmc, nalhar",2,0,2
2020-12-23,"kcgmc, karnal",14,2,16
2020-12-23,"mamc, agroha, hisar",17,0,17
2020-12-23,"esic medical college and hospital, faridabad",16,6,22
2020-12-23,"mm institute of medical sciences & research, mulana (deemed university)",2,3,5
2020-12-23,"sgt medical college & hospital & research institute, budhera, gurugram (deemed university)",0,1,1
2020-12-23,artemis hospital gurugram,2,2,4
2020-12-23,fortis hospital gurugram,1,1,2
2020-12-23,"metro hospital, faridabad",10,1,11
2020-12-23,"qrg central, faridabad",5,1,6
2020-12-23,"qrg medicare, faridabad",4,0,4
2020-12-23,"sarvodaya hospital sector 8, faridabad",7,1,8
2020-12-23,"park hospital, faridabad",1,0,1
2020-12-23,"escort hospital, faridabad",1,0,1
2020-12-23,"asian hospital, faridabad",4,0,4
2020-12-23,"alchemist hospital sector 21, panchkula",12,1,13
2020-12-23,"alchemist hospital sector-26, panchkula",3,1,4
2020-12-23,"paras hospital, panchkula",4,0,4
2020-12-23,"civil hospital, panchkula",16,0,16
2020-12-23,"lnjp civil hospital, kurukshetra",1,0,1
2020-12-23,"shri balaji aarogyam hospital, kurukshetra",21,0,21
2020-12-23,total,161,22,183
2020-12-24,"pt bd sharma pgims, rohtak",8,2,10
2020-12-24,"bpsgmc, khanpur kalan, sonepat",8,0,8
2020-12-24,"shkmgmc, nalhar",2,0,2
2020-12-24,"kcgmc, karnal",17,1,18
2020-12-24,"mamc, agroha, hisar",13,0,13
2020-12-24,"esic medical college and hospital, faridabad",17,5,22
2020-12-24,"mm institute of medical sciences & research, mulana (deemed university)",2,2,4
2020-12-24,artemis hospital gurugram,2,2,4
2020-12-24,fortis hospital gurugram,1,1,2
2020-12-24,"metro hospital, faridabad",10,1,11
2020-12-24,"qrg central, faridabad",7,2,9
2020-12-24,"qrg medicare, faridabad",3,0,3
2020-12-24,"sarvodaya hospital sector 8, faridabad",7,2,9
2020-12-24,"asian hospital, faridabad",1,0,1
2020-12-24,"alchemist hospital sector 21, panchkula",12,1,13
2020-12-24,"alchemist hospital sector-26, panchkula",8,1,9
2020-12-24,"paras hospital, panchkula",4,0,4
2020-12-24,"civil hospital, panchkula",16,0,16
2020-12-24,"lnjp civil hospital, kurukshetra",1,0,1
2020-12-24,"shri balaji aarogyam hospital, kurukshetra",21,0,21
2020-12-24,total,160,20,180
2020-12-26,"pt bd sharma pgims, rohtak",8,0,8
2020-12-26,"bpsgmc, khanpur kalan, sonepat",6,0,6
2020-12-26,"shkmgmc, nalhar",2,0,2
2020-12-26,"kcgmc, karnal",14,2,16
2020-12-26,"mamc, agroha, hisar",12,0,12
2020-12-26,"esic medical college and hospital, faridabad",17,4,21
2020-12-26,"mm institute of medical sciences & research, mulana (deemed university)",1,2,3
2020-12-26,artemis hospital gurugram,2,2,4
2020-12-26,fortis hospital gurugram,1,1,2
2020-12-26,"metro hospital, faridabad",12,0,12
2020-12-26,"qrg central, faridabad",7,1,8
2020-12-26,"qrg medicare, faridabad",4,0,4
2020-12-26,"sarvodaya hospital sector 8, faridabad",5,1,6
2020-12-26,"asian hospital, faridabad",2,0,2
2020-12-26,"alchemist hospital sector 21, panchkula",12,1,13
2020-12-26,"alchemist hospital sector-26, panchkula",10,0,10
2020-12-26,"paras hospital, panchkula",1,0,1
2020-12-26,"civil hospital, panchkula",20,0,20
2020-12-26,"lnjp civil hospital, kurukshetra",1,0,1
2020-12-26,"shri balaji aarogyam hospital, kurukshetra",21,0,21
2020-12-26,total,158,14,172
2020-12-27,"pt bd sharma pgims, rohtak",5,0,5
2020-12-27,"bpsgmc, khanpur kalan, sonepat",7,0,7
2020-12-27,"shkmgmc, nalhar",1,0,1
2020-12-27,"kcgmc, karnal",11,2,13
2020-12-27,"mamc, agroha, hisar",8,0,8
2020-12-27,"esic medical college and hospital, faridabad",16,3,19
2020-12-27,"mm institute of medical sciences & research, mulana (deemed university)",2,2,4
2020-12-27,artemis hospital gurugram,2,2,4
2020-12-27,fortis hospital gurugram,1,1,2
2020-12-27,"metro hospital, faridabad",12,0,12
2020-12-27,"qrg central, faridabad",7,1,8
2020-12-27,"qrg medicare, faridabad",3,0,3
2020-12-27,"sarvodaya hospital sector 8, faridabad",4,1,5
2020-12-27,"escorts fortis, faridabad",1,0,1
2020-12-27,"asian hospital, faridabad",2,0,2
2020-12-27,"alchemist hospital sector 21, panchkula",10,1,11
2020-12-27,"alchemist hospital sector-26, panchkula",7,1,8
2020-12-27,"paras hospital, panchkula",1,0,1
2020-12-27,"civil hospital, panchkula",16,0,16
2020-12-27,"lnjp civil hospital, kurukshetra",1,0,1
2020-12-27,"shri balaji aarogyam hospital, kurukshetra",21,0,21
2020-12-27,total,138,14,152
2020-12-28,"pt bd sharma pgims, rohtak",8,0,8
2020-12-28,"bpsgmc, khanpur kalan, sonepat",7,0,7
2020-12-28,"kcgmc, karnal",11,2,13
2020-12-28,"mamc, agroha, hisar",8,0,8
2020-12-28,"esic medical college and hospital, faridabad",14,3,17
2020-12-28,"mm institute of medical sciences & research, mulana (deemed university)",3,2,5
2020-12-28,artemis hospital gurugram,2,2,4
2020-12-28,fortis hospital gurugram,1,1,2
2020-12-28,"metro hospital, faridabad",11,0,11
2020-12-28,"qrg central, faridabad",7,1,8
2020-12-28,"qrg medicare, faridabad",4,0,4
2020-12-28,"sarvodaya hospital sector 8, faridabad",1,0,1
2020-12-28,"escorts fortis, faridabad",2,0,2
2020-12-28,"asian hospital, faridabad",4,0,4
2020-12-28,"alchemist hospital sector 21, panchkula",11,1,12
2020-12-28,"alchemist hospital sector-26, panchkula",4,1,5
2020-12-28,"paras hospital, panchkula",1,0,1
2020-12-28,"civil hospital, panchkula",13,0,13
2020-12-28,"lnjp civil hospital, kurukshetra",1,0,1
2020-12-28,"shri balaji aarogyam hospital, kurukshetra",21,0,21
2020-12-28,total,134,13,147
2020-12-29,"pt bd sharma pgims, rohtak",4,1,5
2020-12-29,"bpsgmc, khanpur kalan, sonepat",4,0,4
2020-12-29,"kcgmc, karnal",11,1,12
2020-12-29,"mamc, agroha, hisar",7,0,7
2020-12-29,"esic medical college and hospital, faridabad",11,5,16
2020-12-29,"mm institute of medical sciences & research, mulana (deemed university)",5,1,6
2020-12-29,artemis hospital gurugram,1,1,2
2020-12-29,"metro hospital, faridabad",11,0,11
2020-12-29,"qrg central, faridabad",7,1,8
2020-12-29,"qrg medicare, faridabad",4,0,4
2020-12-29,"sarvodaya hospital sector 8, faridabad",1,0,1
2020-12-29,"escorts fortis, faridabad",2,0,2
2020-12-29,"asian hospital, faridabad",4,0,4
2020-12-29,"alchemist hospital sector 21, panchkula",10,1,11
2020-12-29,"alchemist hospital sector-26, panchkula",4,1,5
2020-12-29,"paras hospital, panchkula",4,0,4
2020-12-29,"civil hospital, panchkula",13,1,14
2020-12-29,"lnjp civil hospital, kurukshetra",1,0,1
2020-12-29,"shri balaji aarogyam hospital, kurukshetra",21,0,21
2020-12-29,total,125,13,138
2020-12-30,"pt bd sharma pgims, rohtak",0,1,1
2020-12-30,"bpsgmc, khanpur kalan, sonepat",3,0,3
2020-12-30,"kcgmc, karnal",11,4,15
2020-12-30,"mamc, agroha, hisar",4,0,4
2020-12-30,"esic medical college and hospital, faridabad",11,3,14
2020-12-30,"mm institute of medical sciences & research, mulana (deemed university)",5,1,6
2020-12-30,artemis hospital gurugram,1,1,2
2020-12-30,"metro hospital, faridabad",8,0,8
2020-12-30,"qrg central, faridabad",7,0,7
2020-12-30,"qrg medicare, faridabad",3,0,3
2020-12-30,"sarvodaya hospital sector 8, faridabad",7,2,9
2020-12-30,"escorts fortis, faridabad",2,0,2
2020-12-30,"asian hospital, faridabad",4,0,4
2020-12-30,"alchemist hospital sector 21, panchkula",12,1,13
2020-12-30,"alchemist hospital sector-26, panchkula",3,1,4
2020-12-30,"paras hospital, panchkula",4,0,4
2020-12-30,"civil hospital, panchkula",16,0,16
2020-12-30,"lnjp civil hospital, kurukshetra",1,0,1
2020-12-30,"shri balaji aarogyam hospital, kurukshetra",21,0,21
2020-12-30,total,123,14,137
2020-12-31,"pt bd sharma pgims, rohtak",1,1,2
2020-12-31,"bpsgmc, khanpur kalan, sonepat",3,0,3
2020-12-31,"shkmgmc, nalhar",0,1,1
2020-12-31,"kcgmc, karnal",14,4,18
2020-12-31,"mamc, agroha, hisar",6,0,6
2020-12-31,"esic medical college and hospital, faridabad",11,3,14
2020-12-31,"mm institute of medical sciences & research, mulana (deemed university)",6,0,6
2020-12-31,artemis hospital gurugram,1,1,2
2020-12-31,"metro hospital, faridabad",12,1,13
2020-12-31,"qrg central, faridabad",4,0,4
2020-12-31,"qrg medicare, faridabad",2,0,2
2020-12-31,"sarvodaya hospital sector 8, faridabad",4,0,4
2020-12-31,"escorts fortis, faridabad",3,0,3
2020-12-31,"asian hospital, faridabad",3,0,3
2020-12-31,"alchemist hospital sector 21, panchkula",3,1,4
2020-12-31,"alchemist hospital sector-26, panchkula",9,1,10
2020-12-31,"paras hospital, panchkula",3,0,3
2020-12-31,"civil hospital, panchkula",16,1,17
2020-12-31,"lnjp civil hospital, kurukshetra",1,0,1
2020-12-31,"shri balaji aarogyam hospital, kurukshetra",21,0,21
2020-12-31,total,123,14,137
2021-01-01,"bpsgmc, khanpur kalan, sonepat",3,2,5
2021-01-01,"shkmgmc, nalhar",0,1,1
2021-01-01,"kcgmc, karnal",16,4,20
2021-01-01,"mamc, agroha, hisar",5,0,5
2021-01-01,"esic medical college and hospital, faridabad",8,5,13
2021-01-01,"mm institute of medical sciences & research, mulana (deemed university)",5,0,5
2021-01-01,artemis hospital gurugram,1,1,2
2021-01-01,"metro hospital, faridabad",6,1,7
2021-01-01,"qrg central, faridabad",3,1,4
2021-01-01,"qrg medicare, faridabad",1,0,1
2021-01-01,"sarvodaya hospital sector 8, faridabad",3,0,3
2021-01-01,"escorts fortis, faridabad",2,0,2
2021-01-01,"asian hospital, faridabad",1,0,1
2021-01-01,"alchemist hospital sector 21, panchkula",7,0,7
2021-01-01,"alchemist hospital sector-26, panchkula",4,2,6
2021-01-01,"paras hospital, panchkula",4,1,5
2021-01-01,"civil hospital, panchkula",17,0,17
2021-01-01,"lnjp civil hospital, kurukshetra",1,0,1
2021-01-01,"shri balaji aarogyam hospital, kurukshetra",21,0,21
2021-01-01,total,108,18,126
2021-01-02,"bpsgmc, khanpur kalan, sonepat",3,0,3
2021-01-02,"shkmgmc, nalhar",0,1,1
2021-01-02,"kcgmc, karnal",14,4,18
2021-01-02,"mamc, agroha, hisar",6,0,6
2021-01-02,"esic medical college and hospital, faridabad",4,6,10
2021-01-02,"mm institute of medical sciences & research, mulana (deemed university)",4,1,5
2021-01-02,artemis hospital gurugram,1,1,2
2021-01-02,"metro hospital, faridabad",8,1,9
2021-01-02,"qrg central, faridabad",3,1,4
2021-01-02,"qrg medicare, faridabad",1,0,1
2021-01-02,"sarvodaya hospital sector 8, faridabad",3,0,3
2021-01-02,"escorts fortis, faridabad",1,0,1
2021-01-02,"asian hospital, faridabad",1,0,1
2021-01-02,"alchemist hospital sector 21, panchkula",4,1,5
2021-01-02,"alchemist hospital sector-26, panchkula",4,2,6
2021-01-02,"paras hospital, panchkula",4,1,5
2021-01-02,"civil hospital, panchkula",16,0,16
2021-01-02,"lnjp civil hospital, kurukshetra",1,0,1
2021-01-02,"shri balaji aarogyam hospital, kurukshetra",21,0,21
2021-01-02,total,99,19,118
2021-01-03,"bpsgmc, khanpur kalan, sonepat",2,1,3
2021-01-03,"shkmgmc, nalhar",0,1,1
2021-01-03,"kcgmc, karnal",14,3,17
2021-01-03,"mamc, agroha, hisar",5,0,5
2021-01-03,"esic medical college and hospital, faridabad",5,6,11
2021-01-03,"mm institute of medical sciences & research, mulana (deemed university)",3,0,3
2021-01-03,"medanta - the medicity hospital, gurugram",1,1,2
2021-01-03,"metro hospital, faridabad",9,1,10
2021-01-03,"qrg central, faridabad",3,1,4
2021-01-03,"qrg medicare, faridabad",1,0,1
2021-01-03,"sarvodaya hospital sector 8, faridabad",3,0,3
2021-01-03,"escorts fortis, faridabad",1,0,1
2021-01-03,"alchemist hospital sector 21, panchkula",2,0,2
2021-01-03,"alchemist hospital sector-26, panchkula",6,2,8
2021-01-03,"paras hospital, panchkula",5,1,6
2021-01-03,"civil hospital, panchkula",25,0,25
2021-01-03,"lnjp civil hospital, kurukshetra",1,0,1
2021-01-03,"shri balaji aarogyam hospital, kurukshetra",21,0,21
2021-01-03,total,107,17,124
2021-01-04,"bpsgmc, khanpur kalan, sonepat",5,0,5
2021-01-04,"shkmgmc, nalhar",0,1,1
2021-01-04,"kcgmc, karnal",13,3,16
2021-01-04,"mamc, agroha, hisar",4,6,10
2021-01-04,"esic medical college and hospital, faridabad",4,6,10
2021-01-04,"mm institute of medical sciences & research, mulana (deemed university)",3,0,3
2021-01-04,"medanta - the medicity hospital, gurugram",1,1,2
2021-01-04,"metro hospital, faridabad",9,0,9
2021-01-04,"qrg central, faridabad",3,1,4
2021-01-04,"sarvodaya hospital sector 8, faridabad",2,0,2
2021-01-04,"escorts fortis, faridabad",0,1,1
2021-01-04,"asian hospital, faridabad",1,0,1
2021-01-04,"alchemist hospital sector 21, panchkula",3,0,3
2021-01-04,"alchemist hospital sector-26, panchkula",6,3,9
2021-01-04,"paras hospital, panchkula",5,1,6
2021-01-04,"civil hospital, panchkula",25,0,25
2021-01-04,"lnjp civil hospital, kurukshetra",1,0,1
2021-01-04,"shri balaji aarogyam hospital, kurukshetra",21,0,21
2021-01-04,total,106,23,129
2021-01-05,"pgims, rohtak",1,0,1
2021-01-05,"bpsgmc, khanpur kalan, sonepat",3,0,3
2021-01-05,"shkmgmc, nalhar",0,1,1
2021-01-05,"kcgmc, karnal",15,2,17
2021-01-05,"mamc, agroha, hisar",6,0,6
2021-01-05,"esic medical college and hospital, faridabad",6,4,10
2021-01-05,"mm institute of medical sciences & research, mulana (deemed university)",4,0,4
2021-01-05,"medanta - the medicity hospital, gurugram",1,1,2
2021-01-05,"metro hospital, faridabad",10,0,10
2021-01-05,"qrg central, faridabad",0,1,1
2021-01-05,"sarvodaya hospital sector 8, faridabad",2,0,2
2021-01-05,"escorts fortis, faridabad",1,1,2
2021-01-05,"asian hospital, faridabad",1,0,1
2021-01-05,"alchemist hospital sector 21, panchkula",3,0,3
2021-01-05,"alchemist hospital sector-26, panchkula",4,3,7
2021-01-05,"paras hospital, panchkula",4,1,5
2021-01-05,"civil hospital, panchkula",24,0,24
2021-01-05,"lnjp civil hospital, kurukshetra",1,0,1
2021-01-05,"shri balaji aarogyam hospital, kurukshetra",21,0,21
2021-01-05,total,107,14,121
2021-01-06,"pgims, rohtak",2,0,2
2021-01-06,"bpsgmc, khanpur kalan, sonepat",1,1,2
2021-01-06,"shkmgmc, nalhar",0,1,1
2021-01-06,"kcgmc, karnal",17,1,18
2021-01-06,"mamc, agroha, hisar",8,0,8
2021-01-06,"esic medical college and hospital, faridabad",5,3,8
2021-01-06,"mm institute of medical sciences & research, mulana (deemed university)",3,1,4
2021-01-06,"medanta - the medicity hospital, gurugram",1,1,2
2021-01-06,"metro hospital, faridabad",9,1,10
2021-01-06,"qrg central, faridabad",0,1,1
2021-01-06,"qrg medicare, faridabad",1,0,1
2021-01-06,"sarvodaya hospital sector 8, faridabad",1,0,1
2021-01-06,"escorts fortis, faridabad",1,0,1
2021-01-06,"asian hospital, faridabad",1,0,1
2021-01-06,"alchemist hospital sector 21, panchkula",8,0,8
2021-01-06,"alchemist hospital sector-26, panchkula",5,3,8
2021-01-06,"paras hospital, panchkula",4,1,5
2021-01-06,"civil hospital, panchkula",21,1,22
2021-01-06,"lnjp civil hospital, kurukshetra",1,0,1
2021-01-06,"shri balaji aarogyam hospital, kurukshetra",21,0,21
2021-01-06,total,110,15,125
2021-01-07,"pgims, rohtak",2,0,2
2021-01-07,"bpsgmc, khanpur kalan, sonepat",1,1,2
2021-01-07,"kcgmc, karnal",17,1,18
2021-01-07,"mamc, agroha, hisar",7,0,7
2021-01-07,"esic medical college and hospital, faridabad",4,3,7
2021-01-07,"mm institute of medical sciences & research, mulana (deemed university)",3,2,5
2021-01-07,"medanta - the medicity hospital, gurugram",1,1,2
2021-01-07,"metro hospital, faridabad",9,0,9
2021-01-07,"qrg central, faridabad",0,0,0
2021-01-07,"qrg medicare, faridabad",1,0,1
2021-01-07,"sarvodaya hospital sector 8, faridabad",2,0,2
2021-01-07,"escorts fortis, faridabad",1,0,1
2021-01-07,"alchemist hospital sector 21, panchkula",5,0,5
2021-01-07,"alchemist hospital sector-26, panchkula",5,2,7
2021-01-07,"paras hospital, panchkula",5,0,5
2021-01-07,"civil hospital, panchkula",21,1,22
2021-01-07,"lnjp civil hospital, kurukshetra",1,0,1
2021-01-07,"shri balaji aarogyam hospital, kurukshetra",21,0,21
2021-01-07,total,106,11,117
2021-01-08,"pgims, rohtak",2,0,2
2021-01-08,"bpsgmc, khanpur kalan, sonepat",2,1,3
2021-01-08,"kcgmc, karnal",16,2,18
2021-01-08,"mamc, agroha, hisar",6,0,6
2021-01-08,"esic medical college and hospital, faridabad",4,3,7
2021-01-08,"mm institute of medical sciences & research, mulana (deemed university)",3,1,4
2021-01-08,"medanta - the medicity hospital, gurugram",1,1,2
2021-01-08,"metro hospital, faridabad",7,0,7
2021-01-08,"qrg medicare, faridabad",1,0,1
2021-01-08,"sarvodaya hospital sector 8, faridabad",2,0,2
2021-01-08,"escorts fortis, faridabad",1,0,1
2021-01-08,"asian hospital, faridabad",1,0,1
2021-01-08,"alchemist hospital sector 21, panchkula",4,1,5
2021-01-08,"alchemist hospital sector-26, panchkula",6,1,7
2021-01-08,"paras hospital, panchkula",4,0,4
2021-01-08,"civil hospital, panchkula",21,1,22
2021-01-08,"lnjp civil hospital, kurukshetra",1,0,1
2021-01-08,"shri balaji aarogyam hospital, kurukshetra",21,0,21
2021-01-08,total,103,11,114
2021-01-09,"pgims, rohtak",2,0,2
2021-01-09,"bpsgmc, khanpur kalan, sonepat",3,1,4
2021-01-09,"kcgmc, karnal",15,3,18
2021-01-09,"mamc, agroha, hisar",5,0,5
2021-01-09,"esic medical college and hospital, faridabad",4,2,6
2021-01-09,"mm institute of medical sciences & research, mulana (deemed university)",2,1,3
2021-01-09,"medanta - the medicity hospital, gurugram",1,1,2
2021-01-09,"narayana hospital, gurugram",1,1,2
2021-01-09,"metro hospital, faridabad",11,2,13
2021-01-09,"qrg medicare, faridabad",0,1,1
2021-01-09,"sarvodaya hospital sector 8, faridabad",2,0,2
2021-01-09,"escorts fortis, faridabad",0,1,1
2021-01-09,"asian hospital, faridabad",1,0,1
2021-01-09,"alchemist hospital sector 21, panchkula",5,1,6
2021-01-09,"alchemist hospital sector-26, panchkula",6,1,7
2021-01-09,"paras hospital, panchkula",4,1,5
2021-01-09,"civil hospital, panchkula",20,1,21
2021-01-09,"lnjp civil hospital, kurukshetra",1,0,1
2021-01-09,"shri balaji aarogyam hospital, kurukshetra",21,0,21
2021-01-09,total,104,17,121
2021-01-10,"pgims, rohtak",2,0,2
2021-01-10,"bpsgmc, khanpur kalan, sonepat",4,0,4
2021-01-10,"kcgmc, karnal",15,3,18
2021-01-10,"mamc, agroha, hisar",7,0,7
2021-01-10,"esic medical college and hospital, faridabad",4,3,7
2021-01-10,"mm institute of medical sciences & research, mulana (deemed university)",1,1,2
2021-01-10,"medanta - the medicity hospital, gurugram",1,1,2
2021-01-10,"narayana hospital, gurugram",1,1,2
2021-01-10,"metro hospital, faridabad",10,2,12
2021-01-10,"qrg medicare, faridabad",0,1,1
2021-01-10,"sarvodaya hospital sector 8, faridabad",1,0,1
2021-01-10,"escorts fortis, faridabad",1,0,1
2021-01-10,"asian hospital, faridabad",1,0,1
2021-01-10,"alchemist hospital sector 21, panchkula",3,1,4
2021-01-10,"alchemist hospital sector-26, panchkula",5,0,5
2021-01-10,"paras hospital, panchkula",2,0,2
2021-01-10,"civil hospital, panchkula",22,1,23
2021-01-10,"lnjp civil hospital, kurukshetra",1,0,1
2021-01-10,"shri balaji aarogyam hospital, kurukshetra",21,0,21
2021-01-10,total,102,14,116
2021-01-11,"pgims, rohtak",2,1,3
2021-01-11,"bpsgmc, khanpur kalan, sonepat",6,0,6
2021-01-11,"kcgmc, karnal",14,4,18
2021-01-11,"mamc, agroha, hisar",5,0,5
2021-01-11,"esic medical college and hospital, faridabad",5,2,7
2021-01-11,"mm institute of medical sciences & research, mulana (deemed university)",2,1,3
2021-01-11,"medanta - the medicity hospital, gurugram",1,1,2
2021-01-11,"narayana hospital, gurugram",1,1,2
2021-01-11,"metro hospital, faridabad",6,2,8
2021-01-11,"qrg medicare, faridabad",0,1,1
2021-01-11,"escorts fortis, faridabad",1,1,2
2021-01-11,"asian hospital, faridabad",1,0,1
2021-01-11,"alchemist hospital sector 21, panchkula",1,1,2
2021-01-11,"alchemist hospital sector-26, panchkula",4,0,4
2021-01-11,"paras hospital, panchkula",2,0,2
2021-01-11,"civil hospital, panchkula",18,1,19
2021-01-11,"lnjp civil hospital, kurukshetra",1,0,1
2021-01-11,"shri balaji aarogyam hospital, kurukshetra",21,0,21
2021-01-11,total,91,16,107
2021-01-12,"pgims, rohtak",2,1,3
2021-01-12,"bpsgmc, khanpur kalan, sonepat",2,1,3
2021-01-12,"kcgmc, karnal",12,2,14
2021-01-12,"mamc, agroha, hisar",3,0,3
2021-01-12,"esic medical college and hospital, faridabad",1,4,5
2021-01-12,"mm institute of medical sciences & research, mulana (deemed university)",1,1,2
2021-01-12,"metro hospital, faridabad",6,3,9
2021-01-12,"qrg medicare, faridabad",0,1,1
2021-01-12,"escorts fortis, faridabad",0,2,2
2021-01-12,"asian hospital, faridabad",1,0,1
2021-01-12,"alchemist hospital sector 21, panchkula",3,1,4
2021-01-12,"alchemist hospital sector-26, panchkula",4,0,4
2021-01-12,"paras hospital, panchkula",3,0,3
2021-01-12,"civil hospital, panchkula",18,2,20
2021-01-12,"lnjp civil hospital, kurukshetra",1,0,1
2021-01-12,"shri balaji aarogyam hospital, kurukshetra",21,0,21
2021-01-12,total,78,18,96
2021-01-13,"pgims, rohtak",2,1,3
2021-01-13,"bpsgmc, khanpur kalan, sonepat",1,2,3
2021-01-13,"kcgmc, karnal",13,1,14
2021-01-13,"mamc, agroha, hisar",3,0,3
2021-01-13,"esic medical college and hospital, faridabad",2,3,5
2021-01-13,"mm institute of medical sciences & research, mulana (deemed university)",2,1,3
2021-01-13,"metro hospital, faridabad",6,3,9
2021-01-13,"qrg medicare, faridabad",0,1,1
2021-01-13,"escorts fortis, faridabad",0,2,2
2021-01-13,"asian hospital, faridabad",1,0,1
2021-01-13,"alchemist hospital sector 21, panchkula",4,1,5
2021-01-13,"alchemist hospital sector-26, panchkula",3,0,3
2021-01-13,"paras hospital, panchkula",4,0,4
2021-01-13,"civil hospital, panchkula",14,0,14
2021-01-13,"lnjp civil hospital, kurukshetra",1,0,1
2021-01-13,"shri balaji aarogyam hospital, kurukshetra",21,0,21
2021-01-13,total,77,15,92
2021-01-14,"pgims, rohtak",4,2,6
2021-01-14,"bpsgmc, khanpur kalan, sonepat",1,2,3
2021-01-14,"kcgmc, karnal",13,1,14
2021-01-14,"mamc, agroha, hisar",1,0,1
2021-01-14,"esic medical college and hospital, faridabad",2,2,4
2021-01-14,"mm institute of medical sciences & research, mulana (deemed university)",2,1,3
2021-01-14,"metro hospital, faridabad",7,1,8
2021-01-14,"qrg central, faridabad",1,0,1
2021-01-14,"qrg medicare, faridabad",1,0,1
2021-01-14,"escorts fortis, faridabad",1,1,2
2021-01-14,"asian hospital, faridabad",1,0,1
2021-01-14,"alchemist hospital sector 21, panchkula",4,1,5
2021-01-14,"alchemist hospital sector-26, panchkula",3,0,3
2021-01-14,"paras hospital, panchkula",2,0,2
2021-01-14,"civil hospital, panchkula",9,0,9
2021-01-14,"lnjp civil hospital, kurukshetra",1,0,1
2021-01-14,"shri balaji aarogyam hospital, kurukshetra",21,0,21
2021-01-14,total,74,11,85
2021-01-15,"pgims, rohtak",3,1,4
2021-01-15,"bpsgmc, khanpur kalan, sonepat",2,1,3
2021-01-15,"kcgmc, karnal",13,1,14
2021-01-15,"mamc, agroha, hisar",2,0,2
2021-01-15,"esic medical college and hospital, faridabad",1,2,3
2021-01-15,"mm institute of medical sciences & research, mulana (deemed university)",2,1,3
2021-01-15,"metro hospital, faridabad",7,1,8
2021-01-15,"qrg central, faridabad",1,0,1
2021-01-15,"qrg medicare, faridabad",1,0,1
2021-01-15,"escorts fortis, faridabad",1,1,2
2021-01-15,"asian hospital, faridabad",1,0,1
2021-01-15,"alchemist hospital sector 21, panchkula",4,1,5
2021-01-15,"alchemist hospital sector-26, panchkula",2,0,2
2021-01-15,"paras hospital, panchkula",2,0,2
2021-01-15,"civil hospital, panchkula",8,0,8
2021-01-15,"lnjp civil hospital, kurukshetra",1,0,1
2021-01-15,"shri balaji aarogyam hospital, kurukshetra",21,0,21
2021-01-15,total,72,9,81
2021-01-16,"pgims, rohtak",3,0,3
2021-01-16,"bpsgmc, khanpur kalan, sonepat",3,0,3
2021-01-16,"kcgmc, karnal",12,1,13
2021-01-16,"mamc, agroha, hisar",1,0,1
2021-01-16,"esic medical college and hospital, faridabad",1,1,2
2021-01-16,"mm institute of medical sciences & research, mulana (deemed university)",1,0,1
2021-01-16,"metro hospital, faridabad",6,1,7
2021-01-16,"qrg central, faridabad",1,0,1
2021-01-16,"escorts fortis, faridabad",1,1,2
2021-01-16,"alchemist hospital sector 21, panchkula",5,1,6
2021-01-16,"alchemist hospital sector-26, panchkula",1,0,1
2021-01-16,"paras hospital, panchkula",1,0,1
2021-01-16,"civil hospital, panchkula",7,0,7
2021-01-16,"lnjp civil hospital, kurukshetra",1,0,1
2021-01-16,"shri balaji aarogyam hospital, kurukshetra",2,0,2
2021-01-16,total,46,5,51
2021-01-17,"pgims, rohtak",2,0,2
2021-01-17,"bpsgmc, khanpur kalan, sonepat",2,2,4
2021-01-17,"kcgmc, karnal",12,1,13
2021-01-17,"mamc, agroha, hisar",1,0,1
2021-01-17,"esic medical college and hospital, faridabad",0,2,2
2021-01-17,"mm institute of medical sciences & research, mulana (deemed university)",1,0,1
2021-01-17,"metro hospital, faridabad",6,1,7
2021-01-17,"qrg central, faridabad",1,0,1
2021-01-17,"escorts fortis, faridabad",1,1,2
2021-01-17,"alchemist hospital sector 21, panchkula",3,0,3
2021-01-17,"alchemist hospital sector-26, panchkula",3,0,3
2021-01-17,"paras hospital, panchkula",2,0,2
2021-01-17,"civil hospital, panchkula",7,0,7
2021-01-17,"lnjp civil hospital, kurukshetra",1,0,1
2021-01-17,"shri balaji aarogyam hospital, kurukshetra",2,0,2
2021-01-17,total,44,7,51
2021-01-18,"pgims, rohtak",4,0,4
2021-01-18,"bpsgmc, khanpur kalan, sonepat",3,1,4
2021-01-18,"kcgmc, karnal",11,1,12
2021-01-18,"mamc, agroha, hisar",1,0,1
2021-01-18,"esic medical college and hospital, faridabad",1,2,3
2021-01-18,"mm institute of medical sciences & research, mulana (deemed university)",2,0,2
2021-01-18,"metro hospital, faridabad",7,1,8
2021-01-18,"qrg central, faridabad",1,0,1
2021-01-18,"escorts fortis, faridabad",1,1,2
2021-01-18,"alchemist hospital sector 21, panchkula",2,0,2
2021-01-18,"alchemist hospital sector-26, panchkula",4,0,4
2021-01-18,"paras hospital, panchkula",2,0,2
2021-01-18,"civil hospital, panchkula",8,0,8
2021-01-18,"lnjp civil hospital, kurukshetra",1,0,1
2021-01-18,"shri balaji aarogyam hospital, kurukshetra",2,0,2
2021-01-18,total,50,6,56
2021-01-20,"pgims, rohtak",3,0,3
2021-01-20,"bpsgmc, khanpur kalan, sonepat",3,0,3
2021-01-20,"kcgmc, karnal",11,0,11
2021-01-20,"mamc, agroha, hisar",1,0,1
2021-01-20,"esic medical college and hospital, faridabad",0,1,1
2021-01-20,"mm institute of medical sciences & research, mulana (deemed university)",3,0,3
2021-01-20,"metro hospital, faridabad",7,1,8
2021-01-20,"qrg central, faridabad",1,0,1
2021-01-20,"escorts fortis, faridabad",0,1,1
2021-01-20,"asian hospital, faridabad",2,0,2
2021-01-20,"alchemist hospital sector 21, panchkula",6,0,6
2021-01-20,"alchemist hospital sector-26, panchkula",3,0,3
2021-01-20,"paras hospital, panchkula",3,0,3
2021-01-20,"civil hospital, panchkula",9,1,10
2021-01-20,"lnjp civil hospital, kurukshetra",1,0,1
2021-01-20,"shri balaji aarogyam hospital, kurukshetra",2,0,2
2021-01-20,total,55,4,59
2021-01-21,"pgims, rohtak",2,0,2
2021-01-21,"bpsgmc, khanpur kalan, sonepat",3,0,3
2021-01-21,"kcgmc, karnal",10,0,10
2021-01-21,"mamc, agroha, hisar",1,0,1
2021-01-21,"esic medical college and hospital, faridabad",0,1,1
2021-01-21,"mm institute of medical sciences & research, mulana (deemed university)",3,0,3
2021-01-21,"metro hospital, faridabad",6,1,7
2021-01-21,"qrg central, faridabad",1,0,1
2021-01-21,"escorts fortis, faridabad",0,1,1
2021-01-21,"asian hospital, faridabad",1,0,1
2021-01-21,"alchemist hospital sector 21, panchkula",5,0,5
2021-01-21,"alchemist hospital sector-26, panchkula",3,0,3
2021-01-21,"paras hospital, panchkula",4,0,4
2021-01-21,"civil hospital, panchkula",9,1,10
2021-01-21,"lnjp civil hospital, kurukshetra",1,0,1
2021-01-21,"shri balaji aarogyam hospital, kurukshetra",2,0,2
2021-01-21,total,51,4,55
2021-01-22,"pgims, rohtak",4,0,4
2021-01-22,"bpsgmc, khanpur kalan, sonepat",3,0,3
2021-01-22,"kcgmc, karnal",10,0,10
2021-01-22,"mamc, agroha, hisar",0,0,0
2021-01-22,"esic medical college and hospital, faridabad",0,1,1
2021-01-22,"mm institute of medical sciences & research, mulana (deemed university)",3,0,3
2021-01-22,"metro hospital, faridabad",6,1,7
2021-01-22,"qrg central, faridabad",1,0,1
2021-01-22,"escorts fortis, faridabad",1,0,1
2021-01-22,"asian hospital, faridabad",1,0,1
2021-01-22,"alchemist hospital sector 21, panchkula",3,0,3
2021-01-22,"alchemist hospital sector-26, panchkula",4,0,4
2021-01-22,"paras hospital, panchkula",3,0,3
2021-01-22,"civil hospital, panchkula",11,0,11
2021-01-22,"lnjp civil hospital, kurukshetra",1,0,1
2021-01-22,"shri balaji aarogyam hospital, kurukshetra",2,0,2
2021-01-22,total,53,2,55
2021-01-23,"pgims, rohtak",2,0,2
2021-01-23,"bpsgmc, khanpur kalan, sonepat",1,0,1
2021-01-23,"kcgmc, karnal",9,1,10
2021-01-23,"esic medical college and hospital, faridabad",0,1,1
2021-01-23,"mm institute of medical sciences & research, mulana (deemed university)",3,0,3
2021-01-23,"metro hospital, faridabad",6,1,7
2021-01-23,"qrg central, faridabad",1,0,1
2021-01-23,"escorts fortis, faridabad",1,0,1
2021-01-23,"asian hospital, faridabad",2,0,2
2021-01-23,"alchemist hospital sector 21, panchkula",1,1,2
2021-01-23,"alchemist hospital sector-26, panchkula",3,0,3
2021-01-23,"paras hospital, panchkula",2,0,2
2021-01-23,"civil hospital, panchkula",8,0,8
2021-01-23,"lnjp civil hospital, kurukshetra",1,0,1
2021-01-23,"shri balaji aarogyam hospital, kurukshetra",2,0,2
2021-01-23,total,42,4,46
2021-01-24,"pgims, rohtak",3,0,3
2021-01-24,"bpsgmc, khanpur kalan, sonepat",1,0,1
2021-01-24,"kcgmc, karnal",9,1,10
2021-01-24,"esic medical college and hospital, faridabad",0,1,1
2021-01-24,"mm institute of medical sciences & research, mulana (deemed university)",4,0,4
2021-01-24,"metro hospital, faridabad",5,1,6
2021-01-24,"qrg central, faridabad",1,0,1
2021-01-24,"escorts fortis, faridabad",1,0,1
2021-01-24,"asian hospital, faridabad",3,0,3
2021-01-24,"alchemist hospital sector 21, panchkula",1,0,1
2021-01-24,"alchemist hospital sector-26, panchkula",3,0,3
2021-01-24,"paras hospital, panchkula",2,0,2
2021-01-24,"civil hospital, panchkula",7,0,7
2021-01-24,"lnjp civil hospital, kurukshetra",1,0,1
2021-01-24,"shri balaji aarogyam hospital, kurukshetra",2,0,2
2021-01-24,total,43,3,46
2021-01-25,"pgims, rohtak",2,0,2
2021-01-25,"bpsgmc, khanpur kalan, sonepat",2,0,2
2021-01-25,"kcgmc, karnal",7,1,8
2021-01-25,"mm institute of medical sciences & research, mulana (deemed university)",4,0,4
2021-01-25,"metro hospital, faridabad",6,1,7
2021-01-25,"qrg central, faridabad",1,0,1
2021-01-25,"escorts fortis, faridabad",2,0,2
2021-01-25,"asian hospital, faridabad",3,0,3
2021-01-25,"alchemist hospital sector 21, panchkula",2,0,2
2021-01-25,"alchemist hospital sector-26, panchkula",3,0,3
2021-01-25,"paras hospital, panchkula",2,0,2
2021-01-25,"civil hospital, panchkula",9,0,9
2021-01-25,"lnjp civil hospital, kurukshetra",1,0,1
2021-01-25,"shri balaji aarogyam hospital, kurukshetra",2,0,2
2021-01-25,total,46,2,48
2021-01-26,"pgims, rohtak",1,0,1
2021-01-26,"bpsgmc, khanpur kalan, sonepat",2,0,2
2021-01-26,"kcgmc, karnal",7,1,8
2021-01-26,"mm institute of medical sciences & research, mulana (deemed university)",4,1,5
2021-01-26,"metro hospital, faridabad",6,1,7
2021-01-26,"qrg central, faridabad",1,0,1
2021-01-26,"escorts fortis, faridabad",2,0,2
2021-01-26,"asian hospital, faridabad",3,0,3
2021-01-26,"alchemist hospital sector 21, panchkula",3,1,4
2021-01-26,"alchemist hospital sector-26, panchkula",1,0,1
2021-01-26,"paras hospital, panchkula",3,0,3
2021-01-26,"civil hospital, panchkula",8,0,8
2021-01-26,"lnjp civil hospital, kurukshetra",1,0,1
2021-01-26,"shri balaji aarogyam hospital, kurukshetra",2,0,2
2021-01-26,total,44,4,48
2021-01-27,"bpsgmc, khanpur kalan, sonepat",1,1,2
2021-01-27,"kcgmc, karnal",0,1,1
2021-01-27,"mm institute of medical sciences & research, mulana (deemed university)",4,2,6
2021-01-27,"metro hospital, faridabad",6,1,7
2021-01-27,"qrg central, faridabad",1,0,1
2021-01-27,"escorts fortis, faridabad",2,0,2
2021-01-27,"asian hospital, faridabad",3,0,3
2021-01-27,"alchemist hospital sector 21, panchkula",4,1,5
2021-01-27,"alchemist hospital sector-26, panchkula",1,1,2
2021-01-27,"paras hospital, panchkula",1,0,1
2021-01-27,"civil hospital, panchkula",7,0,7
2021-01-27,"lnjp civil hospital, kurukshetra",1,0,1
2021-01-27,"shri balaji aarogyam hospital, kurukshetra",2,0,2
2021-01-27,total,33,7,40
2021-01-28,"bpsgmc, khanpur kalan, sonepat",1,1,2
2021-01-28,"kcgmc, karnal",6,1,7
2021-01-28,"mm institute of medical sciences & research, mulana (deemed university)",2,2,4
2021-01-28,"metro hospital, faridabad",6,1,7
2021-01-28,"qrg central, faridabad",1,0,1
2021-01-28,"qrg medicare, faridabad",1,0,1
2021-01-28,"escorts fortis, faridabad",1,0,1
2021-01-28,"asian hospital, faridabad",2,0,2
2021-01-28,"alchemist hospital sector 21, panchkula",4,1,5
2021-01-28,"paras hospital, panchkula",1,0,1
2021-01-28,"civil hospital, panchkula",7,0,7
2021-01-28,"lnjp civil hospital, kurukshetra",1,0,1
2021-01-28,"shri balaji aarogyam hospital, kurukshetra",2,0,2
2021-01-28,total,35,6,41
2021-01-29,pgims rohtak,1,0,1
2021-01-29,"bpsgmc, khanpur kalan, sonepat",1,1,2
2021-01-29,"kcgmc, karnal",7,1,8
2021-01-29,"mm institute of medical sciences & research, mulana (deemed university)",1,2,3
2021-01-29,"medanta - the medicity, gurugram",1,1,2
2021-01-29,"metro hospital, faridabad",6,1,7
2021-01-29,"qrg central, faridabad",1,0,1
2021-01-29,"qrg medicare, faridabad",1,0,1
2021-01-29,"escorts fortis, faridabad",1,0,1
2021-01-29,"asian hospital, faridabad",2,0,2
2021-01-29,"alchemist hospital sector 21, panchkula",4,1,5
2021-01-29,"alchemist hospital sector 26, panchkula",1,0,1
2021-01-29,"paras hospital, panchkula",2,0,2
2021-01-29,"civil hospital, panchkula",7,0,7
2021-01-29,"lnjp civil hospital, kurukshetra",1,0,1
2021-01-29,"shri balaji aarogyam hospital, kurukshetra",2,0,2
2021-01-29,total,39,7,46
2021-01-30,pgims rohtak,1,1,2
2021-01-30,"bpsgmc, khanpur kalan, sonepat",0,2,2
2021-01-30,"kcgmc, karnal",6,2,8
2021-01-30,"mamc, agroha, hisar",1,0,1
2021-01-30,"mm institute of medical sciences & research, mulana (deemed university)",1,2,3
2021-01-30,"medanta - the medicity, gurugram",1,1,2
2021-01-30,"metro hospital, faridabad",2,1,3
2021-01-30,"qrg medicare, faridabad",1,0,1
2021-01-30,"escorts fortis, faridabad",1,0,1
2021-01-30,"asian hospital, faridabad",3,0,3
2021-01-30,"alchemist hospital sector 21, panchkula",4,0,4
2021-01-30,"alchemist hospital sector 26, panchkula",2,0,2
2021-01-30,"paras hospital, panchkula",2,0,2
2021-01-30,"civil hospital, panchkula",4,0,4
2021-01-30,"lnjp civil hospital, kurukshetra",1,0,1
2021-01-30,"shri balaji aarogyam hospital, kurukshetra",2,0,2
2021-01-30,total,32,9,41
2021-01-31,pgims rohtak,1,0,1
2021-01-31,"kcgmc, karnal",6,2,8
2021-01-31,"mamc, agroha, hisar",1,0,1
2021-01-31,"mm institute of medical sciences & research, mulana (deemed university)",1,2,3
2021-01-31,"medanta - the medicity, gurugram",1,1,2
2021-01-31,"metro hospital, faridabad",2,1,3
2021-01-31,"qrg medicare, faridabad",1,0,1
2021-01-31,"escorts fortis, faridabad",1,0,1
2021-01-31,"asian hospital, faridabad",2,0,2
2021-01-31,"alchemist hospital sector 21, panchkula",4,0,4
2021-01-31,"alchemist hospital sector 26, panchkula",2,0,2
2021-01-31,"paras hospital, panchkula",2,0,2
2021-01-31,"civil hospital, panchkula",4,0,4
2021-01-31,"lnjp civil hospital, kurukshetra",1,0,1
2021-01-31,"shri balaji aarogyam hospital, kurukshetra",2,0,2
2021-01-31,total,31,6,37
2021-02-01,pgims rohtak,1,0,1
2021-02-01,"kcgmc, karnal",6,2,8
2021-02-01,"mamc, agroha, hisar",1,0,1
2021-02-01,"mm institute of medical sciences & research, mulana (deemed university)",1,2,3
2021-02-01,"metro hospital, faridabad",2,1,3
2021-02-01,"qrg medicare, faridabad",1,0,1
2021-02-01,"escorts fortis, faridabad",1,0,1
2021-02-01,"asian hospital, faridabad",3,0,3
2021-02-01,"alchemist hospital sector 21, panchkula",4,0,4
2021-02-01,"alchemist hospital sector 26, panchkula",2,1,3
2021-02-01,"paras hospital, panchkula",2,0,2
2021-02-01,"civil hospital, panchkula",5,0,5
2021-02-01,"lnjp civil hospital, kurukshetra",1,0,1
2021-02-01,"shri balaji aarogyam hospital, kurukshetra",2,0,2
2021-02-01,total,32,6,38
2021-02-02,pgims rohtak,1,0,1
2021-02-02,"shkmgmc, nalhar",1,0,1
2021-02-02,"kcgmc, karnal",2,1,3
2021-02-02,"mamc, agroha, hisar",2,0,2
2021-02-02,"esic medical college & hospital, nh-3, nit, faridabad",0,1,1
2021-02-02,"mm institute of medical sciences & research, mulana (deemed university)",2,1,3
2021-02-02,"metro hospital, faridabad",1,1,2
2021-02-02,"qrg medicare, faridabad",1,0,1
2021-02-02,"escorts fortis, faridabad",0,1,1
2021-02-02,"asian hospital, faridabad",2,0,2
2021-02-02,"alchemist hospital sector 21, panchkula",4,0,4
2021-02-02,"alchemist hospital sector 26, panchkula",2,1,3
2021-02-02,"paras hospital, panchkula",2,0,2
2021-02-02,"civil hospital, panchkula",7,0,7
2021-02-02,"lnjp civil hospital, kurukshetra",1,0,1
2021-02-02,"shri balaji aarogyam hospital, kurukshetra",2,0,2
2021-02-02,total,30,6,36
2021-02-03,pgims rohtak,1,0,1
2021-02-03,"shkmgmc, nalhar",1,0,1
2021-02-03,"kcgmc, karnal",2,1,3
2021-02-03,"mamc, agroha, hisar",1,0,1
2021-02-03,"esic medical college & hospital, nh-3, nit, faridabad",0,1,1
2021-02-03,"mm institute of medical sciences & research, mulana (deemed university)",2,1,3
2021-02-03,"metro hospital, faridabad",2,1,3
2021-02-03,"escorts fortis, faridabad",0,1,1
2021-02-03,"asian hospital, faridabad",2,0,2
2021-02-03,"alchemist hospital sector 21, panchkula",1,3,4
2021-02-03,"alchemist hospital sector 26, panchkula",1,1,2
2021-02-03,"civil hospital, panchkula",7,0,7
2021-02-03,"lnjp civil hospital, kurukshetra",1,0,1
2021-02-03,"shri balaji aarogyam hospital, kurukshetra",2,0,2
2021-02-03,total,23,9,32
2021-02-04,pgims rohtak,2,0,2
2021-02-04,"kcgmc, karnal",1,0,1
2021-02-04,"mamc, agroha, hisar",1,0,1
2021-02-04,"esic medical college & hospital, nh-3, nit, faridabad",0,1,1
2021-02-04,"mm institute of medical sciences & research, mulana (deemed university)",2,0,2
2021-02-04,"metro hospital, faridabad",4,1,5
2021-02-04,"qrg medicare, faridabad",2,0,2
2021-02-04,"escorts fortis, faridabad",0,1,1
2021-02-04,"asian hospital, faridabad",2,0,2
2021-02-04,"alchemist hospital sector 21, panchkula",4,2,6
2021-02-04,"alchemist hospital sector 26, panchkula",2,1,3
2021-02-04,"civil hospital, panchkula",6,0,6
2021-02-04,"lnjp civil hospital, kurukshetra",1,0,1
2021-02-04,"shri balaji aarogyam hospital, kurukshetra",2,0,2
2021-02-04,total,29,6,35
2021-02-05,pgims rohtak,2,0,2
2021-02-05,"kcgmc, karnal",1,0,1
2021-02-05,"mamc, agroha, hisar",1,0,1
2021-02-05,"esic medical college & hospital, nh-3, nit, faridabad",0,1,1
2021-02-05,"mm institute of medical sciences & research, mulana (deemed university)",2,0,2
2021-02-05,"metro hospital, faridabad",1,0,1
2021-02-05,"qrg medicare, faridabad",1,0,1
2021-02-05,"escorts fortis, faridabad",0,1,1
2021-02-05,"asian hospital, faridabad",1,1,2
2021-02-05,"alchemist hospital sector 21, panchkula",10,0,10
2021-02-05,"alchemist hospital sector 26, panchkula",3,1,4
2021-02-05,"civil hospital, panchkula",3,0,3
2021-02-05,"lnjp civil hospital, kurukshetra",1,0,1
2021-02-05,"shri balaji aarogyam hospital, kurukshetra",2,0,2
2021-02-05,total,28,4,32
2021-02-06,pgims rohtak,1,0,1
2021-02-06,"kcgmc, karnal",1,0,1
2021-02-06,"mamc, agroha, hisar",1,0,1
2021-02-06,"esic medical college & hospital, nh-3, nit, faridabad",0,1,1
2021-02-06,"mm institute of medical sciences & research, mulana (deemed university)",3,0,3
2021-02-06,"metro hospital, faridabad",1,0,1
2021-02-06,"asian hospital, faridabad",1,1,2
2021-02-06,"alchemist hospital sector 21, panchkula",8,0,8
2021-02-06,"alchemist hospital sector 26, panchkula",3,0,3
2021-02-06,"civil hospital, panchkula",3,0,3
2021-02-06,"lnjp civil hospital, kurukshetra",1,0,1
2021-02-06,"shri balaji aarogyam hospital, kurukshetra",2,0,2
2021-02-06,total,25,2,27
2021-02-07,pgims rohtak,1,0,1
2021-02-07,"kcgmc, karnal",2,0,2
2021-02-07,"mamc, agroha, hisar",2,0,2
2021-02-07,"esic medical college & hospital, nh-3, nit, faridabad",0,1,1
2021-02-07,"mm institute of medical sciences & research, mulana (deemed university)",3,0,3
2021-02-07,"metro hospital, faridabad",1,0,1
2021-02-07,"asian hospital, faridabad",1,1,2
2021-02-07,"alchemist hospital sector 21, panchkula",7,0,7
2021-02-07,"alchemist hospital sector 26, panchkula",1,0,1
2021-02-07,"civil hospital, panchkula",7,0,7
2021-02-07,"lnjp civil hospital, kurukshetra",1,0,1
2021-02-07,"shri balaji aarogyam hospital, kurukshetra",2,0,2
2021-02-07,total,28,2,30
2021-02-08,pgims rohtak,1,0,1
2021-02-08,"bpsgmc, khanpur kalan, sonepat",1,0,1
2021-02-08,"kcgmc, karnal",1,1,2
2021-02-08,"mamc, agroha, hisar",2,0,2
2021-02-08,"mm institute of medical sciences & research, mulana (deemed university)",3,0,3
2021-02-08,"metro hospital, faridabad",0,1,1
2021-02-08,"asian hospital, faridabad",1,1,2
2021-02-08,"alchemist hospital sector 21, panchkula",6,0,6
2021-02-08,"alchemist hospital sector 26, panchkula",1,0,1
2021-02-08,"civil hospital, panchkula",7,0,7
2021-02-08,"lnjp civil hospital, kurukshetra",1,0,1
2021-02-08,"shri balaji aarogyam hospital, kurukshetra",2,0,2
2021-02-08,total,26,3,29
2021-02-09,pgims rohtak,1,0,1
2021-02-09,"bpsgmc, khanpur kalan, sonepat",1,0,1
2021-02-09,"kcgmc, karnal",2,0,2
2021-02-09,"mamc, agroha, hisar",2,0,2
2021-02-09,"esic medical college & hospital, nh-3, nit, faridabad",1,0,1
2021-02-09,"mm institute of medical sciences & research, mulana (deemed university)",3,0,3
2021-02-09,"metro hospital, faridabad",0,1,1
2021-02-09,"asian hospital, faridabad",1,1,2
2021-02-09,"alchemist hospital sector 21, panchkula",6,0,6
2021-02-09,"alchemist hospital sector 26, panchkula",4,0,4
2021-02-09,"civil hospital, panchkula",5,0,5
2021-02-09,"lnjp civil hospital, kurukshetra",1,0,1
2021-02-09,"shri balaji aarogyam hospital, kurukshetra",2,0,2
2021-02-09,total,29,2,31
2021-02-10,"bpsgmc, khanpur kalan, sonepat",1,0,1
2021-02-10,"kcgmc, karnal",3,0,3
2021-02-10,"mamc, agroha, hisar",1,0,1
2021-02-10,"esic medical college & hospital, nh-3, nit, faridabad",1,0,1
2021-02-10,"mm institute of medical sciences & research, mulana (deemed university)",4,0,4
2021-02-10,"asian hospital, faridabad",1,1,2
2021-02-10,"alchemist hospital sector 21, panchkula",5,0,5
2021-02-10,"alchemist hospital sector 26, panchkula",2,0,2
2021-02-10,"civil hospital, panchkula",6,0,6
2021-02-10,"lnjp civil hospital, kurukshetra",1,0,1
2021-02-10,"shri balaji aarogyam hospital, kurukshetra",2,0,2
2021-02-10,total,27,1,28
2021-02-11,pgims rohtak,1,0,1
2021-02-11,"bpsgmc, khanpur kalan, sonepat",1,0,1
2021-02-11,"kcgmc, karnal",2,0,2
2021-02-11,"mamc, agroha, hisar",1,0,1
2021-02-11,"esic medical college & hospital, nh-3, nit, faridabad",1,0,1
2021-02-11,"mm institute of medical sciences & research, mulana (deemed university)",2,0,2
2021-02-11,"asian hospital, faridabad",1,1,2
2021-02-11,"alchemist hospital sector 21, panchkula",5,0,5
2021-02-11,"alchemist hospital sector 26, panchkula",1,0,1
2021-02-11,"civil hospital, panchkula",6,0,6
2021-02-11,"lnjp civil hospital, kurukshetra",1,0,1
2021-02-11,"shri balaji aarogyam hospital, kurukshetra",2,0,2
2021-02-11,total,24,1,25
2021-02-12,pgims rohtak,1,0,1
2021-02-12,"bpsgmc, khanpur kalan, sonepat",1,0,1
2021-02-12,"kcgmc, karnal",3,0,3
2021-02-12,"mamc, agroha, hisar",1,0,1
2021-02-12,"esic medical college & hospital, nh-3, nit, faridabad",1,0,1
2021-02-12,"mm institute of medical sciences & research, mulana (deemed university)",2,0,2
2021-02-12,"asian hospital, faridabad",1,1,2
2021-02-12,"alchemist hospital sector 21, panchkula",5,0,5
2021-02-12,"alchemist hospital sector 26, panchkula",1,0,1
2021-02-12,"civil hospital, panchkula",6,0,6
2021-02-12,"lnjp civil hospital, kurukshetra",1,0,1
2021-02-12,"shri balaji aarogyam hospital, kurukshetra",2,0,2
2021-02-12,total,25,1,26
2021-02-15,pgims rohtak,1,0,1
2021-02-15,"kcgmc, karnal",2,0,2
2021-02-15,"mamc, agroha, hisar",1,0,1
2021-02-15,"esic medical college & hospital, nh-3, nit, faridabad",1,0,1
2021-02-15,"mm institute of medical sciences & research, mulana (deemed university)",1,0,1
2021-02-15,"world college of medical sciences, jhajjar",1,0,1
2021-02-15,"asian hospital, faridabad",2,0,2
2021-02-15,"alchemist hospital sector 21, panchkula",7,1,8
2021-02-15,"alchemist hospital sector 26, panchkula",1,0,1
2021-02-15,"civil hospital, panchkula",4,0,4
2021-02-15,"lnjp civil hospital, kurukshetra",1,0,1
2021-02-15,"shri balaji aarogyam hospital, kurukshetra",2,0,2
2021-02-15,total,24,1,25
2021-02-18,pgims rohtak,1,0,1
2021-02-18,"shkmgmc, nalhar",1,0,1
2021-02-18,"kcgmc, karnal",5,0,5
2021-02-18,"esic medical college & hospital, nh-3, nit, faridabad",1,0,1
2021-02-18,"mm institute of medical sciences & research, mulana (deemed university)",1,0,1
2021-02-18,"world college of medical sciences, jhajjar",1,0,1
2021-02-18,"asian hospital, faridabad",1,0,1
2021-02-18,"alchemist hospital sector 21, panchkula",3,0,3
2021-02-18,"alchemist hospital sector 26, panchkula",2,0,2
2021-02-18,"civil hospital, panchkula",5,0,5
2021-02-18,"lnjp civil hospital, kurukshetra",1,0,1
2021-02-18,"shri balaji aarogyam hospital, kurukshetra",2,0,2
2021-02-18,total,24,0,24
2021-02-22,pgims rohtak,2,0,2
2021-02-22,"bpsgmc, khanpur kalan, sonepat",0,1,1
2021-02-22,"kcgmc, karnal",3,0,3
2021-02-22,"esic medical college & hospital, nh-3, nit, faridabad",1,0,1
2021-02-22,"mm institute of medical sciences & research, mulana (deemed university)",2,0,2
2021-02-22,"fortis hospital, gurugram",1,1,2
2021-02-22,"artemis hospital, gurugram",1,1,2
2021-02-22,"asian hospital, faridabad",1,0,1
2021-02-22,"alchemist hospital sector 26, panchkula",2,1,3
2021-02-22,"alchemist hospital sector 21, panchkula",3,0,3
2021-02-22,"civil hospital, panchkula",7,0,7
2021-02-22,"lnjp civil hospital, kurukshetra",1,0,1
2021-02-22,"shri balaji aarogyam hospital, kurukshetra",2,0,2
2021-02-22,total,26,4,30
2021-02-23,pgims rohtak,2,0,2
2021-02-23,"bpsgmc, khanpur kalan, sonepat",0,2,2
2021-02-23,"kcgmc, karnal",2,0,2
2021-02-23,"esic medical college & hospital, nh-3, nit, faridabad",1,0,1
2021-02-23,"mm institute of medical sciences & research, mulana (deemed university)",2,0,2
2021-02-23,"fortis hospital, gurugram",1,1,2
2021-02-23,"artemis hospital, gurugram",1,1,2
2021-02-23,"asian hospital, faridabad",1,0,1
2021-02-23,"alchemist hospital sector 26, panchkula",1,1,2
2021-02-23,"alchemist hospital sector 21, panchkula",5,0,5
2021-02-23,"civil hospital, panchkula",6,0,6
2021-02-23,"lnjp civil hospital, kurukshetra",1,0,1
2021-02-23,"shri balaji aarogyam hospital, kurukshetra",2,0,2
2021-02-23,total,25,5,30
2021-02-25,pgims rohtak,3,0,3
2021-02-25,"bpsgmc, khanpur kalan, sonepat",2,0,2
2021-02-25,"kcgmc, karnal",2,0,2
2021-02-25,"esic medical college & hospital, nh-3, nit, faridabad",1,0,1
2021-02-25,"mm institute of medical sciences & research, mulana (deemed university)",2,1,3
2021-02-25,"fortis hospital, gurugram",0,1,1
2021-02-25,"artemis hospital, gurugram",0,1,1
2021-02-25,"qrg medicare, faridabad",0,1,1
2021-02-25,"alchemist hospital sector 21, panchkula",7,0,7
2021-02-25,"civil hospital, panchkula",7,0,7
2021-02-25,"lnjp civil hospital, kurukshetra",1,0,1
2021-02-25,"shri balaji aarogyam hospital, kurukshetra",2,0,2
2021-02-25,total,27,4,31
2021-03-02,"bpsgmc, khanpur kalan, sonepat",3,0,3
2021-03-02,"kcgmc, karnal",5,0,5
2021-03-02,"mamc, agroha, hisar",1,0,1
2021-03-02,"mm institute of medical sciences & research, mulana (deemed university)",2,1,3
2021-03-02,"fortis hospital, gurugram",0,1,1
2021-03-02,"artemis hospital, gurugram",0,1,1
2021-03-02,"alchemist hospital sector 21, panchkula",3,0,3
2021-03-02,"alchemist hospital sector 26, panchkula",1,0,1
2021-03-02,"civil hospital, panchkula",6,0,6
2021-03-02,"lnjp civil hospital, kurukshetra",1,0,1
2021-03-02,"shri balaji aarogyam hospital, kurukshetra",2,0,2
2021-03-02,total,24,3,27
2021-03-04,pgims rohtak,1,0,1
2021-03-04,"bpsgmc, khanpur kalan, sonepat",3,0,3
2021-03-04,"kcgmc, karnal",5,0,5
2021-03-04,"mamc, agroha, hisar",1,0,1
2021-03-04,"mm institute of medical sciences & research, mulana (deemed university)",3,0,3
2021-03-04,"adesh medical college & hospital, shahabad, kurukshetra.",0,1,1
2021-03-04,"m.m. institute of medical sciences & research, mulana (deemed university)",2,0,2
2021-03-04,"qrg medicare, faridabad",1,0,1
2021-03-04,"alchemist hospital sector 21, panchkula",6,0,6
2021-03-04,"paras hospital, panchkula",2,0,2
2021-03-04,"civil hospital, panchkula",6,0,6
2021-03-04,"lnjp civil hospital, kurukshetra",1,0,1
2021-03-04,"shri balaji aarogyam hospital, kurukshetra",2,0,2
2021-03-04,total,33,1,34
2021-03-05,"bpsgmc, khanpur kalan, sonepat",3,0,3
2021-03-05,"shkmgmc, nalhar",1,0,1
2021-03-05,"kcgmc, karnal",6,0,6
2021-03-05,"mamc, agroha, hisar",3,0,3
2021-03-05,"mm institute of medical sciences & research, mulana (deemed university)",1,0,1
2021-03-05,"adesh medical college & hospital, shahabad, kurukshetra.",0,1,1
2021-03-05,"m.m. institute of medical sciences & research, mulana (deemed university)",2,0,2
2021-03-05,"qrg medicare, faridabad",1,0,1
2021-03-05,"alchemist hospital sector 21, panchkula",7,0,7
2021-03-05,"alchemist hospital sector 26, panchkula",1,0,1
2021-03-05,"paras hospital, panchkula",3,0,3
2021-03-05,"civil hospital, panchkula",5,0,5
2021-03-05,"lnjp civil hospital, kurukshetra",1,0,1
2021-03-05,"shri balaji aarogyam hospital, kurukshetra",2,0,2
2021-03-05,total,36,1,37
2021-03-09,"bpsgmc, khanpur kalan, sonepat",0,1,1
2021-03-09,"shkmgmc, nalhar",1,0,1
2021-03-09,"kcgmc, karnal",5,3,8
2021-03-09,"mamc, agroha, hisar",3,0,3
2021-03-09,"mm institute of medical sciences & research, mulana (deemed university)",2,1,3
2021-03-09,"asian hospital, faridabad",2,0,2
2021-03-09,"alchemist hospital sector 21, panchkula",9,0,9
2021-03-09,"alchemist hospital sector 26, panchkula",1,0,1
2021-03-09,"paras hospital, panchkula",3,0,3
2021-03-09,"civil hospital, panchkula",13,0,13
2021-03-09,"lnjp civil hospital, kurukshetra",1,0,1
2021-03-09,"shri balaji aarogyam hospital, kurukshetra",2,0,2
2021-03-09,total,42,5,47
2021-03-12,pgims rohtak,1,0,1
2021-03-12,"bpsgmc, khanpur kalan, sonepat",1,0,1
2021-03-12,"shkmgmc, nalhar",1,0,1
2021-03-12,"kcgmc, karnal",6,1,7
2021-03-12,"mamc, agroha, hisar",2,0,2
2021-03-12,"mm institute of medical sciences & research, mulana (deemed university)",1,4,5
2021-03-12,"escorts fortis, faridabad",1,0,1
2021-03-12,"asian hospital, faridabad",2,0,2
2021-03-12,"alchemist hospital sector 21, panchkula",10,0,10
2021-03-12,"alchemist hospital sector 26, panchkula",3,0,3
2021-03-12,"paras hospital, panchkula",5,0,5
2021-03-12,"civil hospital, panchkula",11,0,11
2021-03-12,"lnjp civil hospital, kurukshetra",1,0,1
2021-03-12,"shri balaji aarogyam hospital, kurukshetra",2,0,2
2021-03-12,total,47,5,52
2021-03-15,pgims rohtak,2,0,2
2021-03-15,"shkmgmc, nalhar",1,1,2
2021-03-15,"kcgmc, karnal",10,1,11
2021-03-15,"mamc, agroha, hisar",1,0,1
2021-03-15,"adesh medical college & hospital, shahabad, kurukshetra.",0,1,1
2021-03-15,"mm institute of medical sciences & research, mulana (deemed university)",1,6,7
2021-03-15,"asian hospital, faridabad",2,0,2
2021-03-15,"alchemist hospital sector 21, panchkula",7,1,8
2021-03-15,"alchemist hospital sector 26, panchkula",3,1,4
2021-03-15,"paras hospital, panchkula",2,0,2
2021-03-15,"civil hospital, panchkula",11,0,11
2021-03-15,"lnjp civil hospital, kurukshetra",1,0,1
2021-03-15,"shri balaji aarogyam hospital, kurukshetra",2,0,2
2021-03-15,total,43,11,54
2021-03-16,pgims rohtak,2,0,2
2021-03-16,"bpsgmc, khanpur kalan, sonepat",1,2,3
2021-03-16,"kcgmc, karnal",8,3,11
2021-03-16,"mamc, agroha, hisar",1,0,1
2021-03-16,"adesh medical college & hospital, shahabad, kurukshetra.",0,1,1
2021-03-16,"mm institute of medical sciences & research, mulana (deemed university)",4,4,8
2021-03-16,"qrg medicare, faridabad",1,0,1
2021-03-16,"escorts fortis, faridabad",0,1,1
2021-03-16,"asian hospital, faridabad",1,0,1
2021-03-16,"alchemist hospital sector 21, panchkula",7,1,8
2021-03-16,"alchemist hospital sector 26, panchkula",4,1,5
2021-03-16,"paras hospital, panchkula",4,0,4
2021-03-16,"civil hospital, panchkula",12,0,12
2021-03-16,"lnjp civil hospital, kurukshetra",1,0,1
2021-03-16,"shri balaji aarogyam hospital, kurukshetra",2,0,2
2021-03-16,total,48,13,61
2021-03-18,pgims rohtak,1,0,1
2021-03-18,"bpsgmc, khanpur kalan, sonepat",2,1,3
2021-03-18,"kcgmc, karnal",8,2,10
2021-03-18,"mamc, agroha, hisar",3,0,3
2021-03-18,"adesh medical college & hospital, shahabad, kurukshetra.",0,1,1
2021-03-18,"mm institute of medical sciences & research, mulana (deemed university)",4,6,10
2021-03-18,"artemis hospital, gurugram",0,1,1
2021-03-18,"narayana hospital, gurugram",0,1,1
2021-03-18,"qrg medicare, faridabad",2,0,2
2021-03-18,"sarvoday sec 8, faridabad",0,1,1
2021-03-18,"alchemist hospital sector 21, panchkula",11,0,11
2021-03-18,"alchemist hospital sector 26, panchkula",5,0,5
2021-03-18,"paras hospital, panchkula",4,1,5
2021-03-18,"civil hospital, panchkula",17,0,17
2021-03-18,"lnjp civil hospital, kurukshetra",1,0,1
2021-03-18,"shri balaji aarogyam hospital, kurukshetra",2,0,2
2021-03-18,total,60,14,74
2021-03-19,pgims rohtak,2,0,2
2021-03-19,"bpsgmc, khanpur kalan, sonepat",2,1,3
2021-03-19,"kcgmc, karnal",10,2,12
2021-03-19,"mamc, agroha, hisar",3,0,3
2021-03-19,"esic medical college & hospital, nh-3, nit, faridabad",0,1,1
2021-03-19,"adesh medical college & hospital, shahabad, kurukshetra.",0,1,1
2021-03-19,"mm institute of medical sciences & research, mulana (deemed university)",4,4,8
2021-03-19,"artemis hospital, gurugram",0,1,1
2021-03-19,"narayana hospital, gurugram",0,1,1
2021-03-19,"metro hospital, faridabad",1,0,1
2021-03-19,"qrg medicare, faridabad",2,0,2
2021-03-19,"sarvoday sec 8, faridabad",0,1,1
2021-03-19,"alchemist hospital sector 21, panchkula",9,0,9
2021-03-19,"alchemist hospital sector 26, panchkula",7,0,7
2021-03-19,"paras hospital, panchkula",4,1,5
2021-03-19,"civil hospital, panchkula",15,0,15
2021-03-19,"lnjp civil hospital, kurukshetra",1,0,1
2021-03-19,"shri balaji aarogyam hospital, kurukshetra",2,0,2
2021-03-19,total,62,13,75
2021-03-20,pgims rohtak,2,0,2
2021-03-20,"bpsgmc, khanpur kalan, sonepat",2,2,4
2021-03-20,"kcgmc, karnal",12,2,14
2021-03-20,"mamc, agroha, hisar",5,0,5
2021-03-20,"esic medical college & hospital, nh-3, nit, faridabad",0,1,1
2021-03-20,"mm institute of medical sciences & research, mulana (deemed university)",6,5,11
2021-03-20,"artemis hospital, gurugram",0,1,1
2021-03-20,"narayana hospital, gurugram",0,1,1
2021-03-20,"metro hospital, faridabad",1,0,1
2021-03-20,"qrg medicare, faridabad",2,0,2
2021-03-20,"sarvoday sec 8, faridabad",0,1,1
2021-03-20,"asian hospital, faridabad",2,0,2
2021-03-20,"alchemist hospital sector 21, panchkula",8,0,8
2021-03-20,"alchemist hospital sector 26, panchkula",6,0,6
2021-03-20,"paras hospital, panchkula",7,1,8
2021-03-20,"civil hospital, panchkula",15,0,15
2021-03-20,"lnjp civil hospital, kurukshetra",1,0,1
2021-03-20,"shri balaji aarogyam hospital, kurukshetra",2,0,2
2021-03-20,total,62,13,75
2021-03-22,pgims rohtak,2,0,2
2021-03-22,"bpsgmc, khanpur kalan, sonepat",1,2,3
2021-03-22,"kcgmc, karnal",15,2,17
2021-03-22,"mamc, agroha, hisar",9,0,9
2021-03-22,"esic medical college & hospital, nh-3, nit, faridabad",0,1,1
2021-03-22,"mm institute of medical sciences & research, mulana (deemed university)",5,6,11
2021-03-22,"artemis hospital, gurugram",0,1,1
2021-03-22,"narayana hospital, gurugram",0,1,1
2021-03-22,"sarvoday sec 8, faridabad",0,1,1
2021-03-22,"asian hospital, faridabad",2,0,2
2021-03-22,"alchemist hospital sector 21, panchkula",5,0,5
2021-03-22,"alchemist hospital sector 26, panchkula",3,2,5
2021-03-22,"paras hospital, panchkula",6,1,7
2021-03-22,"civil hospital, panchkula",16,0,16
2021-03-22,"lnjp civil hospital, kurukshetra",1,0,1
2021-03-22,"shri balaji aarogyam hospital, kurukshetra",2,0,2
2021-03-22,total,67,17,84
2021-03-23,pgims rohtak,3,0,3
2021-03-23,"bpsgmc, khanpur kalan, sonepat",1,2,3
2021-03-23,"kcgmc, karnal",19,2,21
2021-03-23,"mamc, agroha, hisar",9,0,9
2021-03-23,"esic medical college & hospital, nh-3, nit, faridabad",3,2,5
2021-03-23,"mm institute of medical sciences & research, mulana (deemed university)",6,7,13
2021-03-23,"artemis hospital, gurugram",0,1,1
2021-03-23,"narayana hospital, gurugram",0,1,1
2021-03-23,"qrg medicare, faridabad",1,0,1
2021-03-23,"sarvoday sec 8, faridabad",0,1,1
2021-03-23,"asian hospital, faridabad",2,0,2
2021-03-23,"alchemist hospital sector 21, panchkula",7,0,7
2021-03-23,"alchemist hospital sector 26, panchkula",5,2,7
2021-03-23,"paras hospital, panchkula",10,1,11
2021-03-23,"civil hospital, panchkula",18,0,18
2021-03-23,"lnjp civil hospital, kurukshetra",1,0,1
2021-03-23,"shri balaji aarogyam hospital, kurukshetra",2,0,2
2021-03-23,total,87,19,106
2021-03-25,pgims rohtak,3,0,3
2021-03-25,"bpsgmc, khanpur kalan, sonepat",1,2,3
2021-03-25,"kcgmc, karnal",20,3,23
2021-03-25,"mamc, agroha, hisar",5,0,5
2021-03-25,"esic medical college & hospital, nh-3, nit, faridabad",4,2,6
2021-03-25,"mm institute of medical sciences & research, mulana (deemed university)",7,6,13
2021-03-25,"artemis hospital, gurugram",0,1,1
2021-03-25,"qrg medicare, faridabad",1,0,1
2021-03-25,"sarvoday sec 8, faridabad",0,1,1
2021-03-25,"asian hospital, faridabad",4,0,4
2021-03-25,"alchemist hospital sector 21, panchkula",9,0,9
2021-03-25,"alchemist hospital sector 26, panchkula",5,2,7
2021-03-25,"paras hospital, panchkula",11,0,11
2021-03-25,"civil hospital, panchkula",22,0,22
2021-03-25,"lnjp civil hospital, kurukshetra",1,0,1
2021-03-25,"shri balaji aarogyam hospital, kurukshetra",2,0,2
2021-03-25,total,95,17,112
2021-03-26,pgims rohtak,1,1,2
2021-03-26,"bpsgmc, khanpur kalan, sonepat",1,2,3
2021-03-26,"kcgmc, karnal",21,3,24
2021-03-26,"mamc, agroha, hisar",4,0,4
2021-03-26,"esic medical college & hospital, nh-3, nit, faridabad",4,2,6
2021-03-26,"mm institute of medical sciences & research, mulana (deemed university)",7,5,12
2021-03-26,"artemis hospital, gurugram",0,1,1
2021-03-26,"metro hospital, faridabad",1,0,1
2021-03-26,"qrg medicare, faridabad",2,0,2
2021-03-26,"sarvoday sec 8, faridabad",0,1,1
2021-03-26,"asian hospital, faridabad",2,0,2
2021-03-26,"alchemist hospital sector 21, panchkula",13,1,14
2021-03-26,"alchemist hospital sector 26, panchkula",6,2,8
2021-03-26,"paras hospital, panchkula",10,0,10
2021-03-26,"civil hospital, panchkula",24,0,24
2021-03-26,"lnjp civil hospital, kurukshetra",1,0,1
2021-03-26,"shri balaji aarogyam hospital, kurukshetra",2,0,2
2021-03-26,total,99,18,117
2021-03-30,pgims rohtak,3,1,4
2021-03-30,"bpsgmc, khanpur kalan, sonepat",3,0,3
2021-03-30,"kcgmc, karnal",23,7,30
2021-03-30,"mamc, agroha, hisar",9,0,9
2021-03-30,"esic medical college & hospital, nh-3, nit, faridabad",1,2,3
2021-03-30,"mm institute of medical sciences & research, mulana (deemed university)",9,5,14
2021-03-30,"artemis hospital, gurugram",0,1,1
2021-03-30,"medanata the medicity hospital, gurugram",0,1,1
2021-03-30,"metro hospital, faridabad",2,1,3
2021-03-30,"ssb, faridabad",1,0,1
2021-03-30,"qrg medicare, faridabad",2,0,2
2021-03-30,"sarvoday sec 8, faridabad",0,2,2
2021-03-30,"escorts fortis, faridabad",2,0,2
2021-03-30,"asian hospital, faridabad",2,0,2
2021-03-30,"alchemist hospital sector 21, panchkula",9,2,11
2021-03-30,"alchemist hospital sector 26, panchkula",6,2,8
2021-03-30,"paras hospital, panchkula",11,3,14
2021-03-30,"civil hospital, panchkula",36,1,37
2021-03-30,"lnjp civil hospital, kurukshetra",1,0,1
2021-03-30,"shri balaji aarogyam hospital, kurukshetra",2,0,2
2021-03-30,total,122,28,150
2021-03-31,pgims rohtak,3,1,4
2021-03-31,"bpsgmc, khanpur kalan, sonepat",0,1,1
2021-03-31,"kcgmc, karnal",25,8,33
2021-03-31,"mamc, agroha, hisar",10,0,10
2021-03-31,"esic medical college & hospital, nh-3, nit, faridabad",1,1,2
2021-03-31,"mm institute of medical sciences & research, mulana (deemed university)",6,7,13
2021-03-31,"artemis hospital, gurugram",0,1,1
2021-03-31,"medanata the medicity hospital, gurugram",0,1,1
2021-03-31,"metro hospital, faridabad",6,1,7
2021-03-31,"ssb, faridabad",1,0,1
2021-03-31,"qrg medicare, faridabad",2,0,2
2021-03-31,"sarvoday sec 8, faridabad",2,2,4
2021-03-31,"escorts fortis, faridabad",1,0,1
2021-03-31,"asian hospital, faridabad",2,0,2
2021-03-31,"alchemist hospital sector 21, panchkula",12,1,13
2021-03-31,"alchemist hospital sector 26, panchkula",9,1,10
2021-03-31,"paras hospital, panchkula",12,3,15
2021-03-31,"civil hospital, panchkula",34,1,35
2021-03-31,"lnjp civil hospital, kurukshetra",1,0,1
2021-03-31,"shri balaji aarogyam hospital, kurukshetra",2,0,2
2021-03-31,total,129,29,158
2021-04-01,pgims rohtak,3,0,3
2021-04-01,"bpsgmc, khanpur kalan, sonepat",0,1,1
2021-04-01,"kcgmc, karnal",21,8,29
2021-04-01,"mamc, agroha, hisar",10,0,10
2021-04-01,"esic medical college & hospital, nh-3, nit, faridabad",2,2,4
2021-04-01,"mm institute of medical sciences & research, mulana (deemed university)",7,6,13
2021-04-01,"artemis hospital, gurugram",0,1,1
2021-04-01,"medanata the medicity hospital, gurugram",0,1,1
2021-04-01,"metro hospital, faridabad",8,2,10
2021-04-01,"ssb, faridabad",2,0,2
2021-04-01,"sarvoday sec 8, faridabad",1,2,3
2021-04-01,"escorts fortis, faridabad",2,0,2
2021-04-01,"asian hospital, faridabad",2,0,2
2021-04-01,"alchemist hospital sector 21, panchkula",10,2,12
2021-04-01,"alchemist hospital sector 26, panchkula",5,1,6
2021-04-01,"paras hospital, panchkula",12,3,15
2021-04-01,"civil hospital, panchkula",34,1,35
2021-04-01,"lnjp civil hospital, kurukshetra",1,0,1
2021-04-01,"shri balaji aarogyam hospital, kurukshetra",2,0,2
2021-04-01,total,122,30,152
2021-04-02,pgims rohtak,8,0,8
2021-04-02,"bpsgmc, khanpur kalan, sonepat",3,0,3
2021-04-02,"kcgmc, karnal",27,8,35
2021-04-02,"mamc, agroha, hisar",7,0,7
2021-04-02,"esic medical college & hospital, nh-3, nit, faridabad",2,0,2
2021-04-02,"mm institute of medical sciences & research, mulana (deemed university)",7,9,16
2021-04-02,"artemis hospital, gurugram",0,1,1
2021-04-02,"medanata the medicity hospital, gurugram",0,1,1
2021-04-02,"metro hospital, faridabad",15,2,17
2021-04-02,"ssb, faridabad",2,0,2
2021-04-02,"qrg medicare, faridabad",1,0,1
2021-04-02,"sarvoday sec 8, faridabad",0,1,1
2021-04-02,"escorts fortis, faridabad",2,0,2
2021-04-02,"asian hospital, faridabad",3,0,3
2021-04-02,"alchemist hospital sector 21, panchkula",9,2,11
2021-04-02,"alchemist hospital sector 26, panchkula",4,1,5
2021-04-02,"paras hospital, panchkula",12,3,15
2021-04-02,"civil hospital, panchkula",36,1,37
2021-04-02,"lnjp civil hospital, kurukshetra",1,0,1
2021-04-02,"shri balaji aarogyam hospital, kurukshetra",2,0,2
2021-04-02,total,141,29,170
2021-04-03,pgims rohtak,13,2,15
2021-04-03,"bpsgmc, khanpur kalan, sonepat",6,1,7
2021-04-03,"kcgmc, karnal",28,8,36
2021-04-03,"mamc, agroha, hisar",9,0,9
2021-04-03,"esic medical college & hospital, nh-3, nit, faridabad",2,0,2
2021-04-03,"mm institute of medical sciences & research, mulana (deemed university)",6,10,16
2021-04-03,"artemis hospital, gurugram",0,1,1
2021-04-03,"medanata the medicity hospital, gurugram",0,1,1
2021-04-03,"metro hospital, faridabad",10,3,13
2021-04-03,"ssb, faridabad",1,0,1
2021-04-03,"qrg medicare, faridabad",4,0,4
2021-04-03,"sarvoday sec 8, faridabad",0,1,1
2021-04-03,"escorts fortis, faridabad",2,0,2
2021-04-03,"asian hospital, faridabad",3,0,3
2021-04-03,"alchemist hospital sector 21, panchkula",11,2,13
2021-04-03,"alchemist hospital sector 26, panchkula",6,2,8
2021-04-03,"paras hospital, panchkula",13,2,15
2021-04-03,"civil hospital, panchkula",45,0,45
2021-04-03,"lnjp civil hospital, kurukshetra",1,0,1
2021-04-03,"shri balaji aarogyam hospital, kurukshetra",2,0,2
2021-04-03,total,162,33,195
2021-04-05,pgims rohtak,13,4,17
2021-04-05,"bpsgmc, khanpur kalan, sonepat",0,2,2
2021-04-05,"kcgmc, karnal",37,7,44
2021-04-05,"mamc, agroha, hisar",5,1,6
2021-04-05,"esic medical college & hospital, nh-3, nit, faridabad",4,0,4
2021-04-05,"mm institute of medical sciences & research, mulana (deemed university)",7,8,15
2021-04-05,"artemis hospital, gurugram",0,1,1
2021-04-05,"medanata the medicity hospital, gurugram",0,1,1
2021-04-05,"metro hospital, faridabad",11,2,13
2021-04-05,"ssb, faridabad",2,0,2
2021-04-05,"qrg medicare, faridabad",2,0,2
2021-04-05,"sarvoday sec 8, faridabad",0,1,1
2021-04-05,"escorts fortis, faridabad",2,0,2
2021-04-05,"asian hospital, faridabad",6,0,6
2021-04-05,"alchemist hospital sector 21, panchkula",15,0,15
2021-04-05,"alchemist hospital sector 26, panchkula",7,2,9
2021-04-05,"paras hospital, panchkula",11,2,13
2021-04-05,"civil hospital, panchkula",50,0,50
2021-04-05,"lnjp civil hospital, kurukshetra",1,0,1
2021-04-05,"shri balaji aarogyam hospital, kurukshetra",2,0,2
2021-04-05,total,175,31,206
2021-04-06,pgims rohtak,14,4,18
2021-04-06,"bpsgmc, khanpur kalan, sonepat",2,1,3
2021-04-06,"kcgmc, karnal",28,5,33
2021-04-06,"mamc, agroha, hisar",7,2,9
2021-04-06,"esic medical college & hospital, nh-3, nit, faridabad",6,0,6
2021-04-06,"mm institute of medical sciences & research, mulana (deemed university)",7,8,15
2021-04-06,"artemis hospital, gurugram",0,1,1
2021-04-06,"medanata the medicity hospital, gurugram",0,1,1
2021-04-06,"metro hospital, faridabad",11,2,13
2021-04-06,"ssb, faridabad",2,0,2
2021-04-06,"qrg medicare, faridabad",2,0,2
2021-04-06,"sarvoday sec 8, faridabad",0,1,1
2021-04-06,"escorts fortis, faridabad",2,0,2
2021-04-06,"asian hospital, faridabad",6,0,6
2021-04-06,"alchemist hospital sector 21, panchkula",13,0,13
2021-04-06,"alchemist hospital sector 26, panchkula",3,3,6
2021-04-06,"paras hospital, panchkula",7,3,10
2021-04-06,"civil hospital, panchkula",54,0,54
2021-04-06,"lnjp civil hospital, kurukshetra",1,0,1
2021-04-06,"shri balaji aarogyam hospital, kurukshetra",2,0,2
2021-04-06,total,167,31,198
2021-04-07,pgims rohtak,14,4,18
2021-04-07,"bpsgmc, khanpur kalan, sonepat",6,1,7
2021-04-07,"kcgmc, karnal",28,8,36
2021-04-07,"mamc, agroha, hisar",8,1,9
2021-04-07,"esic medical college & hospital, nh-3, nit, faridabad",8,0,8
2021-04-07,"mm institute of medical sciences & research, mulana (deemed university)",8,8,16
2021-04-07,"artemis hospital, gurugram",0,1,1
2021-04-07,"medanata the medicity hospital, gurugram",0,1,1
2021-04-07,"metro hospital, faridabad",11,3,14
2021-04-07,"ssb, faridabad",2,0,2
2021-04-07,"qrg medicare, faridabad",5,1,6
2021-04-07,"sarvoday sec 8, faridabad",3,1,4
2021-04-07,"escorts fortis, faridabad",3,1,4
2021-04-07,"asian hospital, faridabad",5,0,5
2021-04-07,"alchemist hospital sector 21, panchkula",16,0,16
2021-04-07,"alchemist hospital sector 26, panchkula",6,3,9
2021-04-07,"paras hospital, panchkula",6,3,9
2021-04-07,"civil hospital, panchkula",51,0,51
2021-04-07,"lnjp civil hospital, kurukshetra",1,0,1
2021-04-07,"shri balaji aarogyam hospital, kurukshetra",2,0,2
2021-04-07,total,183,36,219
2021-04-08,pgims rohtak,17,3,20
2021-04-08,"bpsgmc, khanpur kalan, sonepat",7,3,10
2021-04-08,"kcgmc, karnal",23,8,31
2021-04-08,"mamc, agroha, hisar",9,1,10
2021-04-08,"esic medical college & hospital, nh-3, nit, faridabad",7,1,8
2021-04-08,"mm institute of medical sciences & research, mulana (deemed university)",14,7,21
2021-04-08,"artemis hospital, gurugram",0,1,1
2021-04-08,fmri hospital gurugram,0,3,3
2021-04-08,"medanata the medicity hospital, gurugram",0,1,1
2021-04-08,"metro hospital, faridabad",11,3,14
2021-04-08,"ssb, faridabad",6,0,6
2021-04-08,"qrg medicare, faridabad",12,1,13
2021-04-08,"sarvoday sec 8, faridabad",3,2,5
2021-04-08,"escorts fortis, faridabad",3,1,4
2021-04-08,"asian hospital, faridabad",6,0,6
2021-04-08,"alchemist hospital sector 21, panchkula",9,0,9
2021-04-08,"alchemist hospital sector 26, panchkula",5,3,8
2021-04-08,"paras hospital, panchkula",6,3,9
2021-04-08,"civil hospital, panchkula",58,1,59
2021-04-08,"lnjp civil hospital, kurukshetra",1,0,1
2021-04-08,"shri balaji aarogyam hospital, kurukshetra",2,0,2
2021-04-08,total,199,42,241
2021-04-09,pgims rohtak,18,3,21
2021-04-09,"bpsgmc, khanpur kalan, sonepat",9,3,12
2021-04-09,"kcgmc, karnal",31,8,39
2021-04-09,"mamc, agroha, hisar",9,1,10
2021-04-09,"esic medical college & hospital, nh-3, nit, faridabad",4,4,8
2021-04-09,"mm institute of medical sciences & research, mulana (deemed university)",13,7,20
2021-04-09,"artemis hospital, gurugram",3,3,6
2021-04-09,fmri hospital gurugram,1,1,2
2021-04-09,"medanata the medicity hospital, gurugram",1,1,2
2021-04-09,"metro hospital, faridabad",10,3,13
2021-04-09,"ssb, faridabad",10,0,10
2021-04-09,"qrg medicare, faridabad",20,1,21
2021-04-09,"sarvoday sec 8, faridabad",1,2,3
2021-04-09,"escorts fortis, faridabad",3,1,4
2021-04-09,"asian hospital, faridabad",5,0,5
2021-04-09,"alchemist hospital sector 21, panchkula",11,0,11
2021-04-09,"alchemist hospital sector 26, panchkula",5,2,7
2021-04-09,"paras hospital, panchkula",7,3,10
2021-04-09,"civil hospital, panchkula",49,2,51
2021-04-09,"lnjp civil hospital, kurukshetra",1,0,1
2021-04-09,"shri balaji aarogyam hospital, kurukshetra",2,0,2
2021-04-09,total,213,45,258
2021-04-10,pgims rohtak,24,3,27
2021-04-10,"bpsgmc, khanpur kalan, sonepat",11,5,16
2021-04-10,"kcgmc, karnal",34,11,45
2021-04-10,"mamc, agroha, hisar",11,0,11
2021-04-10,"esic medical college & hospital, nh-3, nit, faridabad",10,5,15
2021-04-10,"mm institute of medical sciences & research, mulana (deemed university)",9,8,17
2021-04-10,"artemis hospital, gurugram",3,3,6
2021-04-10,fmri hospital gurugram,1,1,2
2021-04-10,"medanata the medicity hospital, gurugram",1,1,2
2021-04-10,"metro hospital, faridabad",13,2,15
2021-04-10,"ssb, faridabad",10,0,10
2021-04-10,"qrg medicare, faridabad",19,0,19
2021-04-10,"sarvoday sec 8, faridabad",4,2,6
2021-04-10,"escorts fortis, faridabad",3,1,4
2021-04-10,"asian hospital, faridabad",7,0,7
2021-04-10,"alchemist hospital sector 21, panchkula",10,0,10
2021-04-10,"alchemist hospital sector 26, panchkula",3,2,5
2021-04-10,"paras hospital, panchkula",8,2,10
2021-04-10,"civil hospital, panchkula",42,1,43
2021-04-10,"lnjp civil hospital, kurukshetra",1,0,1
2021-04-10,"shri balaji aarogyam hospital, kurukshetra",2,0,2
2021-04-10,total,226,47,273
2021-04-11,pgims rohtak,24,2,26
2021-04-11,"bpsgmc, khanpur kalan, sonepat",8,7,15
2021-04-11,"kcgmc, karnal",34,11,45
2021-04-11,"mamc, agroha, hisar",10,2,12
2021-04-11,"esic medical college & hospital, nh-3, nit, faridabad",12,6,18
2021-04-11,"mm institute of medical sciences & research, mulana (deemed university)",8,6,14
2021-04-11,"artemis hospital, gurugram",2,2,4
2021-04-11,fmri hospital gurugram,1,1,2
2021-04-11,"medanata the medicity hospital, gurugram",2,1,3
2021-04-11,"narayana  hospital, gurugram",1,1,2
2021-04-11,"metro hospital, faridabad",10,1,11
2021-04-11,"ssb, faridabad",10,0,10
2021-04-11,"qrg medicare, faridabad",2,1,3
2021-04-11,"sarvoday sec 8, faridabad",6,1,7
2021-04-11,"escorts fortis, faridabad",2,1,3
2021-04-11,"asian hospital, faridabad",7,0,7
2021-04-11,"alchemist hospital sector 21, panchkula",14,0,14
2021-04-11,"alchemist hospital sector 26, panchkula",3,1,4
2021-04-11,"paras hospital, panchkula",11,2,13
2021-04-11,"civil hospital, panchkula",47,0,47
2021-04-11,"lnjp civil hospital, kurukshetra",1,0,1
2021-04-11,"shri balaji aarogyam hospital, kurukshetra",2,0,2
2021-04-11,total,217,46,263
2021-04-12,pgims rohtak,22,2,24
2021-04-12,"bpsgmc, khanpur kalan, sonepat",8,5,13
2021-04-12,"kcgmc, karnal",29,13,42
2021-04-12,"mamc, agroha, hisar",17,6,23
2021-04-12,"esic medical college & hospital, nh-3, nit, faridabad",12,7,19
2021-04-12,"mm institute of medical sciences & research, mulana (deemed university)",9,6,15
2021-04-12,"artemis hospital, gurugram",2,2,4
2021-04-12,fmri hospital gurugram,1,1,2
2021-04-12,"medanata the medicity hospital, gurugram",2,2,4
2021-04-12,"narayana  hospital, gurugram",1,1,2
2021-04-12,"metro hospital, faridabad",18,1,19
2021-04-12,"ssb, faridabad",10,0,10
2021-04-12,"qrg medicare, faridabad",15,1,16
2021-04-12,"sarvoday sec 8, faridabad",7,2,9
2021-04-12,"escorts fortis, faridabad",3,1,4
2021-04-12,"supreme, faridabad",4,0,4
2021-04-12,"asian hospital, faridabad",6,0,6
2021-04-12,"alchemist hospital sector 21, panchkula",12,0,12
2021-04-12,"alchemist hospital sector 26, panchkula",3,2,5
2021-04-12,"paras hospital, panchkula",13,2,15
2021-04-12,"civil hospital, panchkula",53,0,53
2021-04-12,"lnjp civil hospital, kurukshetra",1,0,1
2021-04-12,"shri balaji aarogyam hospital, kurukshetra",2,0,2
2021-04-12,total,250,54,304
2021-04-13,pgims rohtak,20,4,24
2021-04-13,"bpsgmc, khanpur kalan, sonepat",3,6,9
2021-04-13,"shkmgmc, nalhar",5,0,5
2021-04-13,"kcgmc, karnal",36,11,47
2021-04-13,"mamc, agroha, hisar",17,9,26
2021-04-13,"esic medical college & hospital, nh-3, nit, faridabad",12,7,19
2021-04-13,"mm institute of medical sciences & research, mulana (deemed university)",9,5,14
2021-04-13,"artemis hospital, gurugram",2,2,4
2021-04-13,fmri hospital gurugram,1,1,2
2021-04-13,"medanata the medicity hospital, gurugram",2,2,4
2021-04-13,"narayana  hospital, gurugram",1,1,2
2021-04-13,"metro hospital, faridabad",14,1,15
2021-04-13,"ssb, faridabad",10,0,10
2021-04-13,"qrg medicare, faridabad",14,1,15
2021-04-13,"sarvoday sec 8, faridabad",5,2,7
2021-04-13,"escorts fortis, faridabad",3,1,4
2021-04-13,"supreme, faridabad",4,0,4
2021-04-13,"asian hospital, faridabad",5,0,5
2021-04-13,"alchemist hospital sector 21, panchkula",13,0,13
2021-04-13,"alchemist hospital sector 26, panchkula",6,2,8
2021-04-13,"paras hospital, panchkula",14,2,16
2021-04-13,"civil hospital, panchkula",60,0,60
2021-04-13,"lnjp civil hospital, kurukshetra",1,0,1
2021-04-13,"shri balaji aarogyam hospital, kurukshetra",2,0,2
2021-04-13,total,259,57,316
2021-04-15,pgims rohtak,25,4,29
2021-04-15,"bpsgmc, khanpur kalan, sonepat",24,6,30
2021-04-15,"shkmgmc, nalhar",6,2,8
2021-04-15,"kcgmc, karnal",63,9,72
2021-04-15,"mamc, agroha, hisar",1,13,14
2021-04-15,"esic medical college & hospital, nh-3, nit, faridabad",20,15,35
2021-04-15,"mm institute of medical sciences & research, mulana (deemed university)",8,7,15
2021-04-15,"sgt medical college & hospital & research institute, budhera, gurugram (deemed university)",2,1,3
2021-04-15,"artemis hospital, gurugram",3,3,6
2021-04-15,fmri hospital gurugram,2,2,4
2021-04-15,"medanata the medicity hospital, gurugram",2,2,4
2021-04-15,"narayana  hospital, gurugram",2,2,4
2021-04-15,"metro hospital, faridabad",15,1,16
2021-04-15,"ssb, faridabad",10,0,10
2021-04-15,"qrg medicare, faridabad",19,1,20
2021-04-15,"sarvoday sec 8, faridabad",3,0,3
2021-04-15,"park hospital, faridabad",15,0,15
2021-04-15,"escorts fortis, faridabad",5,1,6
2021-04-15,"supreme, faridabad",4,0,4
2021-04-15,"asian hospital, faridabad",5,0,5
2021-04-15,"alchemist hospital sector 21, panchkula",15,0,15
2021-04-15,"alchemist hospital sector 26, panchkula",5,2,7
2021-04-15,"paras hospital, panchkula",15,2,17
2021-04-15,"civil hospital, panchkula",70,0,70
2021-04-15,"lnjp civil hospital, kurukshetra",1,0,1
2021-04-15,"shri balaji aarogyam hospital, kurukshetra",2,0,2
2021-04-15,total,342,73,415
2021-04-16,pgims rohtak,33,3,36
2021-04-16,"bpsgmc, khanpur kalan, sonepat",21,4,25
2021-04-16,"shkmgmc, nalhar",5,6,11
2021-04-16,"kcgmc, karnal",68,10,78
2021-04-16,"mamc, agroha, hisar",18,11,29
2021-04-16,"esic medical college & hospital, nh-3, nit, faridabad",21,14,35
2021-04-16,"mm institute of medical sciences & research, mulana (deemed university)",9,6,15
2021-04-16,"sgt medical college & hospital & research institute, budhera, gurugram (deemed university)",2,1,3
2021-04-16,"world college of medical sciences, jhajjar",2,0,2
2021-04-16,"artemis hospital, gurugram",6,6,12
2021-04-16,"medanata the medicity hospital, gurugram",3,3,6
2021-04-16,"narayana  hospital, gurugram",3,3,6
2021-04-16,"metro hospital, faridabad",36,4,40
2021-04-16,"ssb, faridabad",11,0,11
2021-04-16,"qrg medicare, faridabad",25,4,29
2021-04-16,"sarvoday sec 8, faridabad",4,1,5
2021-04-16,"park hospital, faridabad",23,5,28
2021-04-16,"escorts fortis, faridabad",5,1,6
2021-04-16,"supreme, faridabad",4,0,4
2021-04-16,"asian hospital, faridabad",7,2,9
2021-04-16,"alchemist hospital sector 21, panchkula",14,0,14
2021-04-16,"alchemist hospital sector 26, panchkula",4,2,6
2021-04-16,"paras hospital, panchkula",14,2,16
2021-04-16,"civil hospital, panchkula",74,0,74
2021-04-16,"lnjp civil hospital, kurukshetra",1,0,1
2021-04-16,"shri balaji aarogyam hospital, kurukshetra",2,0,2
2021-04-16,total,415,88,503
2021-04-17,pgims rohtak,39,1,40
2021-04-17,"bpsgmc, khanpur kalan, sonepat",15,14,29
2021-04-17,"shkmgmc, nalhar",7,5,12
2021-04-17,"kcgmc, karnal",70,7,77
2021-04-17,"mamc, agroha, hisar",20,8,28
2021-04-17,"esic medical college & hospital, nh-3, nit, faridabad",18,17,35
2021-04-17,"mm institute of medical sciences & research, mulana (deemed university)",14,7,21
2021-04-17,"sgt medical college & hospital & research institute, budhera, gurugram (deemed university)",2,1,3
2021-04-17,"world college of medical sciences, jhajjar",2,0,2
2021-04-17,"artemis hospital, gurugram",6,6,12
2021-04-17,"medanata the medicity hospital, gurugram",3,3,6
2021-04-17,"narayana  hospital, gurugram",3,3,6
2021-04-17,"metro hospital, faridabad",36,4,40
2021-04-17,"ssb, faridabad",11,0,11
2021-04-17,"qrg medicare, faridabad",25,0,25
2021-04-17,"sarvoday sec 8, faridabad",5,3,8
2021-04-17,"park hospital, faridabad",10,10,20
2021-04-17,"escorts fortis, faridabad",3,0,3
2021-04-17,"supreme, faridabad",4,0,4
2021-04-17,"asian hospital, faridabad",4,1,5
2021-04-17,"alchemist hospital sector 21, panchkula",11,0,11
2021-04-17,"alchemist hospital sector 26, panchkula",3,2,5
2021-04-17,"paras hospital, panchkula",15,2,17
2021-04-17,"civil hospital, panchkula",77,0,77
2021-04-17,"lnjp civil hospital, kurukshetra",1,0,1
2021-04-17,"shri balaji aarogyam hospital, kurukshetra",2,0,2
2021-04-17,total,406,94,500
2021-04-18,pgims rohtak,39,1,40
2021-04-18,"bpsgmc, khanpur kalan, sonepat",8,22,30
2021-04-18,"shkmgmc, nalhar",8,5,13
2021-04-18,"kcgmc, karnal",75,10,85
2021-04-18,"mamc, agroha, hisar",18,8,26
2021-04-18,"esic medical college & hospital, nh-3, nit, faridabad",12,16,28
2021-04-18,"mm institute of medical sciences & research, mulana (deemed university)",14,11,25
2021-04-18,"sgt medical college & hospital & research institute, budhera, gurugram (deemed university)",2,1,3
2021-04-18,"world college of medical sciences, jhajjar",7,0,7
2021-04-18,"artemis hospital, gurugram",6,6,12
2021-04-18,"medanata the medicity hospital, gurugram",3,3,6
2021-04-18,"narayana  hospital, gurugram",3,3,6
2021-04-18,"metro hospital, faridabad",36,4,40
2021-04-18,"ssb, faridabad",11,4,15
2021-04-18,"qrg medicare, faridabad",28,2,30
2021-04-18,"sarvoday sec 8, faridabad",4,2,6
2021-04-18,"park hospital, faridabad",10,7,17
2021-04-18,"escorts fortis, faridabad",4,1,5
2021-04-18,"supreme, faridabad",4,0,4
2021-04-18,"asian hospital, faridabad",5,1,6
2021-04-18,"alchemist hospital sector 21, panchkula",16,1,17
2021-04-18,"alchemist hospital sector 26, panchkula",5,2,7
2021-04-18,"paras hospital, panchkula",17,3,20
2021-04-18,"civil hospital, panchkula",83,0,83
2021-04-18,"lnjp civil hospital, kurukshetra",1,0,1
2021-04-18,"shri balaji aarogyam hospital, kurukshetra",2,0,2
2021-04-18,total,421,113,534
2021-04-19,pgims rohtak,47,0,47
2021-04-19,"bpsgmc, khanpur kalan, sonepat",42,23,65
2021-04-19,"shkmgmc, nalhar",11,10,21
2021-04-19,"kcgmc, karnal",82,9,91
2021-04-19,"mamc, agroha, hisar",19,11,30
2021-04-19,"esic medical college & hospital, nh-3, nit, faridabad",18,17,35
2021-04-19,"adesh medical college & hospital, shahabad, kurukshetra.",2,0,2
2021-04-19,"mm institute of medical sciences & research, mulana (deemed university)",16,9,25
2021-04-19,"sgt medical college & hospital & research institute, budhera, gurugram (deemed university)",2,1,3
2021-04-19,"world college of medical sciences, jhajjar",10,0,10
2021-04-19,"artemis hospital, gurugram",6,6,12
2021-04-19,"medanata the medicity hospital, gurugram",3,3,6
2021-04-19,"narayana  hospital, gurugram",3,3,6
2021-04-19,"metro hospital, faridabad",49,4,53
2021-04-19,"ssb, faridabad",11,4,15
2021-04-19,"qrg medicare, faridabad",37,2,39
2021-04-19,"sarvoday sec 8, faridabad",4,1,5
2021-04-19,"park hospital, faridabad",25,5,30
2021-04-19,"escorts fortis, faridabad",5,4,9
2021-04-19,"supreme, faridabad",4,0,4
2021-04-19,"asian hospital, faridabad",4,0,4
2021-04-19,"alchemist hospital sector 21, panchkula",22,1,23
2021-04-19,"alchemist hospital sector 26, panchkula",3,2,5
2021-04-19,"paras hospital, panchkula",21,3,24
2021-04-19,"district civil hospital, panchkula",73,0,73
2021-04-19,"lnjp civil hospital, kurukshetra",42,0,42
2021-04-19,"shri balaji aarogyam hospital, kurukshetra",2,0,2
2021-04-19,"district civil hospital, palwal",1,0,1
2021-04-19,"district civil hospital, hisar",10,4,14
2021-04-19,"district civil hospital, sonipat",1,0,1
2021-04-19,"employees' state insurance corporation (esic), yamunanagar",32,0,32
2021-04-19,"chc chachrauli, yamunanagar",2,0,2
2021-04-19,"district civil hospital, ambala",24,4,28
2021-04-19,"sdh ambala, cantt",33,4,37
2021-04-19,"district civil hospital, panipat",7,1,8
2021-04-19,"district civil hospital, jind",47,0,47
2021-04-20,pgims rohtak,59,0,59
2021-04-20,"bpsgmc, khanpur kalan, sonepat",34,27,61
2021-04-20,"shkmgmc, nalhar",13,7,20
2021-04-20,"kcgmc, karnal",81,11,92
2021-04-20,"mamc, agroha, hisar",21,9,30
2021-04-20,"esic medical college & hospital, nh-3, nit, faridabad",20,17,37
2021-04-20,"adesh medical college & hospital, shahabad, kurukshetra.",2,0,2
2021-04-20,"mm institute of medical sciences & research, mulana (deemed university)",18,8,26
2021-04-20,"sgt medical college & hospital & research institute, budhera, gurugram (deemed university)",2,1,3
2021-04-20,"world college of medical sciences, jhajjar",20,1,21
2021-04-20,"artemis hospital, gurugram",0,2,2
2021-04-20,fortis memorial research institute (fmri) gurugram,14,0,14
2021-04-20,"metro hospital, faridabad",75,5,80
2021-04-20,"ssb, faridabad",11,4,15
2021-04-20,"qrg medicare, faridabad",42,1,43
2021-04-20,"sarvoday sec 8, faridabad",7,4,11
2021-04-20,"park hospital, faridabad",40,4,44
2021-04-20,"escorts fortis, faridabad",7,4,11
2021-04-20,"supreme, faridabad",3,0,3
2021-04-20,"asian hospital, faridabad",3,1,4
2021-04-20,"alchemist hospital sector 21, panchkula",24,0,24
2021-04-20,"alchemist hospital sector 26, panchkula",3,1,4
2021-04-20,"paras hospital, panchkula",27,3,30
2021-04-20,"district civil hospital, panchkula",91,0,91
2021-04-20,"lnjp civil hospital, kurukshetra",62,0,62
2021-04-20,"shri balaji aarogyam hospital, kurukshetra",2,0,2
2021-04-20,"district civil hospital, palwal",5,0,5
2021-04-20,"chc alawapur, palwal",4,0,4
2021-04-20,"district civil hospital, bhiwani",2,0,2
2021-04-20,"district civil hospital, hisar",10,4,14
2021-04-20,"district civil hospital, sonipat",1,0,1
2021-04-20,"employees' state insurance corporation (esic), yamunanagar",44,1,45
2021-04-20,"district civil hospital, ambala",24,4,28
2021-04-20,"sdh ambala, cantt",30,7,37
2021-04-20,"mission hospital, ambala",34,6,40
2021-04-20,"park healing touch, ambala",42,10,52
2021-04-20,"mehndiratta, ambala",10,0,10
2021-04-20,"district civil hospital, panipat",7,1,8
2021-04-20,"district civil hospital, jind",78,0,78
2021-04-20,sdh bahadurgarh,1,0,1
2021-04-20,total,973,143,1116
2021-04-21,pgims rohtak,58,0,58
2021-04-21,"bpsgmc, khanpur kalan, sonepat",187,40,227
2021-04-21,"shkmgmc, nalhar",17,6,23
2021-04-21,"kcgmc, karnal",77,13,90
2021-04-21,"mamc, agroha, hisar",20,8,28
2021-04-21,"esic medical college & hospital, nh-3, nit, faridabad",20,17,37
2021-04-21,"adesh medical college & hospital, shahabad, kurukshetra.",6,0,6
2021-04-21,"mm institute of medical sciences & research, mulana (deemed university)",21,7,28
2021-04-21,"sgt medical college & hospital & research institute, budhera, gurugram (deemed university)",2,1,3
2021-04-21,"world college of medical sciences, jhajjar",27,2,29
2021-04-21,"artemis hospital, gurugram",0,2,2
2021-04-21,fortis memorial research institute (fmri) gurugram,10,1,11
2021-04-21,"metro hospital, faridabad",75,7,82
2021-04-21,"ssb, faridabad",33,4,37
2021-04-21,"qrg medicare, faridabad",43,2,45
2021-04-21,"sarvoday sec 8, faridabad",9,4,13
2021-04-21,"park hospital, faridabad",38,5,43
2021-04-21,"escorts fortis, faridabad",8,4,12
2021-04-21,"supreme, faridabad",3,0,3
2021-04-21,"asian hospital, faridabad",4,0,4
2021-04-21,"alchemist hospital sector 21, panchkula",29,1,30
2021-04-21,"alchemist hospital sector 26, panchkula",4,1,5
2021-04-21,"paras hospital, panchkula",33,2,35
2021-04-21,"district civil hospital, panchkula",99,0,99
2021-04-21,"lnjp civil hospital, kurukshetra",62,0,62
2021-04-21,"shri balaji aarogyam hospital, kurukshetra",2,0,2
2021-04-21,"district civil hospital, palwal",5,0,5
2021-04-21,"chc alawapur, palwal",4,0,4
2021-04-21,"district civil hospital, bhiwani",2,0,2
2021-04-21,"district civil hospital, hisar",10,4,14
2021-04-21,"district civil hospital, sonipat",1,0,1
2021-04-21,"employees' state insurance corporation (esic), yamunanagar",41,1,42
2021-04-21,"chc chachrauli, yamunanagar",12,0,12
2021-04-21,"district civil hospital, ambala",28,6,34
2021-04-21,"sdh ambala, cantt",46,6,52
2021-04-21,"mission hospital, ambala",49,3,52
2021-04-21,"park healing touch, ambala",32,10,42
2021-04-21,"mehndiratta, ambala",12,0,12
2021-04-21,"district civil hospital, panipat",7,1,8
2021-04-21,"district civil hospital, jind",94,0,94
2021-04-21,sdh bahadurgarh,1,0,1
2021-04-21,total,1231,158,1389
2021-04-22,pgims rohtak,56,0,56
2021-04-22,"bpsgmc, khanpur kalan, sonepat",145,40,185
2021-04-22,"shkmgmc, nalhar",27,6,33
2021-04-22,"kcgmc, karnal",88,9,97
2021-04-22,"mamc, agroha, hisar",75,12,87
2021-04-22,"esic medical college & hospital, nh-3, nit, faridabad",29,18,47
2021-04-22,"adesh medical college & hospital, shahabad, kurukshetra.",6,0,6
2021-04-22,"mm institute of medical sciences & research, mulana (deemed university)",23,8,31
2021-04-22,"sgt medical college & hospital & research institute, budhera, gurugram (deemed university)",2,1,3
2021-04-22,"world college of medical sciences, jhajjar",42,2,44
2021-04-22,"artemis hospital, gurugram",0,2,2
2021-04-22,fortis memorial research institute (fmri) gurugram,10,1,11
2021-04-22,"metro hospital, faridabad",83,7,90
2021-04-22,"ssb, faridabad",30,4,34
2021-04-22,"qrg medicare, faridabad",50,2,52
2021-04-22,"sarvoday sec 8, faridabad",11,4,15
2021-04-22,"park hospital, faridabad",33,3,36
2021-04-22,"escorts fortis, faridabad",9,5,14
2021-04-22,"supreme, faridabad",3,0,3
2021-04-22,"asian hospital, faridabad",4,0,4
2021-04-22,"alchemist hospital sector 21, panchkula",27,1,28
2021-04-22,"alchemist hospital sector 26, panchkula",5,1,6
2021-04-22,"paras hospital, panchkula",36,2,38
2021-04-22,"district civil hospital, panchkula",115,0,115
2021-04-22,"lnjp civil hospital, kurukshetra",62,0,62
2021-04-22,"shri balaji aarogyam hospital, kurukshetra",2,0,2
2021-04-22,"district civil hospital, palwal",5,0,5
2021-04-22,"chc alawapur, palwal",4,0,4
2021-04-22,"district civil hospital, bhiwani",2,0,2
2021-04-22,"district civil hospital, hisar",10,4,14
2021-04-22,"district civil hospital, sonipat",1,0,1
2021-04-22,"employees' state insurance corporation (esic), yamunanagar",37,1,38
2021-04-22,"chc chachrauli, yamunanagar",18,0,18
2021-04-22,santosh hospital,6,0,6
2021-04-22,gaba hospital,17,0,17
2021-04-22,heart care hospital,19,0,19
2021-04-22,jp hospital,12,2,14
2021-04-22,gulati hospital,20,0,20
2021-04-22,swami vivekanand hospital,8,2,10
2021-04-22,dabra hospital,2,0,2
2021-04-22,waryam singh hospital,4,0,4
2021-04-22,"district civil hospital, ambala",35,5,40
2021-04-22,"sdh ambala, cantt",44,4,48
2021-04-22,"mission hospital, ambala",51,2,53
2021-04-22,"park healing touch, ambala",25,9,34
2021-04-22,"mehndiratta, ambala",6,1,7
2021-04-22,"rotary hospital, ambala",3,1,4
2021-04-22,"district civil hospital, panipat",7,1,8
2021-04-22,"district civil hospital, jind",94,0,94
2021-04-22,sdh bahadurgarh,1,0,1
2021-04-22,civil hospital rewari,17,0,17
2021-04-22,"pushpanjali hospital, rewari",30,2,32
2021-04-22,virat hospital rewari,60,3,63
2021-04-22,matrika hospital rewari,16,0,16
2021-04-22,cygnus hospital rewari,40,0,40
2021-04-22,yaduvanshi hospital rewari,10,0,10
2021-04-22,dev jyoti hospital rewari,4,0,4
2021-04-22,shanti yadav hospital rewari,10,0,10
2021-04-22,vedanta hospital rewari,23,0,23
2021-04-22,dr.r.b.yadav hospital rewari,12,2,14
2021-04-22,katyal hospital rewari,12,0,12
2021-04-22,dr. k.k nagar hospital rewari,9,0,9
2021-04-22,total,1647,167,1814
2021-04-23,pgims rohtak,60,2,62
2021-04-23,"bpsgmc, khanpur kalan, sonepat",93,40,133
2021-04-23,"shkmgmc, nalhar",30,6,36
2021-04-23,"kcgmc, karnal",94,10,104
2021-04-23,"mamc, agroha, hisar",86,14,100
2021-04-23,"esic medical college & hospital, nh-3, nit, faridabad",29,18,47
2021-04-23,"adesh medical college & hospital, shahabad, kurukshetra.",12,1,13
2021-04-23,"al-falah medical college, faridabad",6,2,8
2021-04-23,"mm institute of medical sciences & research, mulana (deemed university)",25,9,34
2021-04-23,"sgt medical college & hospital & research institute, budhera, gurugram (deemed university)",38,4,42
2021-04-23,"world college of medical sciences, jhajjar",47,2,49
2021-04-23,"artemis hospital, gurugram",0,2,2
2021-04-23,fortis memorial research institute (fmri) gurugram,10,1,11
2021-04-23,"metro hospital, faridabad",120,7,127
2021-04-23,"ssb, faridabad",30,4,34
2021-04-23,"qrg medicare, faridabad",48,4,52
2021-04-23,"sarvoday sec 8, faridabad",10,2,12
2021-04-23,"park hospital, faridabad",33,3,36
2021-04-23,"escorts fortis, faridabad",10,4,14
2021-04-23,"supreme, faridabad",4,0,4
2021-04-23,"asian hospital, faridabad",6,0,6
2021-04-23,"alchemist hospital sector 21, panchkula",28,0,28
2021-04-23,"alchemist hospital sector 26, panchkula",6,1,7
2021-04-23,"paras hospital, panchkula",38,3,41
2021-04-23,"district civil hospital, panchkula",121,0,121
2021-04-23,"lnjp civil hospital, kurukshetra",62,0,62
2021-04-23,"shri balaji aarogyam hospital, kurukshetra",2,0,2
2021-04-23,"district civil hospital, palwal",5,0,5
2021-04-23,"chc alawapur, palwal",4,0,4
2021-04-23,"district civil hospital, bhiwani",2,0,2
2021-04-23,"district civil hospital, hisar",10,4,14
2021-04-23,"district civil hospital, sonipat",1,0,1
2021-04-23,"employees' state insurance corporation (esic), yamunanagar",37,1,38
2021-04-23,"chc chachrauli, yamunanagar",20,0,20
2021-04-23,"santosh hospital, yamunanagar",16,0,16
2021-04-23,"gaba hospital, yamunanagar",17,1,18
2021-04-23,"heart care hospital, yamunanagar",12,0,12
2021-04-23,"jp hospital, yamunanagar",12,2,14
2021-04-23,"gulati hospital, yamunanagar",20,0,20
2021-04-23,"swami vivekanand hospital, yamunanagar",8,3,11
2021-04-23,"dabra hospital, yamunanagar",2,0,2
2021-04-23,"waryam singh hospital, yamunanagar",4,0,4
2021-04-23,"district civil hospital, ambala",39,6,45
2021-04-23,"sdh ambala, cantt",41,5,46
2021-04-23,"mission hospital, ambala",54,2,56
2021-04-23,"park healing touch, ambala",40,9,49
2021-04-23,"mehndiratta, ambala",11,1,12
2021-04-23,"rotary hospital, ambala",6,1,7
2021-04-23,"guardian hospital, ambala",6,0,6
2021-04-23,"district civil hospital, panipat",7,1,8
2021-04-23,sdh bahadurgarh,1,0,1
2021-04-23,civil hospital rewari,17,0,17
2021-04-23,"pushpanjali hospital, rewari",30,2,32
2021-04-23,virat hospital rewari,60,3,63
2021-04-23,cygnus hospital rewari,40,0,40
2021-04-23,yaduvanshi hospital rewari,10,0,10
2021-04-23,shanti yadav hospital rewari,10,0,10
2021-04-23,vedanta hospital rewari,23,0,23
2021-04-23,katyal hospital rewari,12,0,12
2021-04-23,dr. k.k nagar hospital rewari,9,0,9
2021-04-23,total,1634,180,1814
2021-04-24,pgims rohtak,68,0,68
2021-04-24,"bpsgmc, khanpur kalan, sonepat",58,40,98
2021-04-24,"shkmgmc, nalhar",31,7,38
2021-04-24,"kcgmc, karnal",101,13,114
2021-04-24,"mamc, agroha, hisar",89,16,105
2021-04-24,"esic medical college & hospital, nh-3, nit, faridabad",43,27,70
2021-04-24,"nc medical college, israna, panipat",3,0,3
2021-04-24,"adesh medical college & hospital, shahabad, kurukshetra.",14,0,14
2021-04-24,"al-falah medical college, faridabad",5,2,7
2021-04-24,"mm institute of medical sciences & research, mulana (deemed university)",31,12,43
2021-04-24,"sgt medical college & hospital & research institute, budhera, gurugram (deemed university)",42,9,51
2021-04-24,"world college of medical sciences, jhajjar",57,2,59
2021-04-24,"artemis hospital, gurugram",0,3,3
2021-04-24,fortis memorial research institute (fmri) gurugram,11,0,11
2021-04-24,"medanta the medicity , gurugram",0,1,1
2021-04-24,"naryana hospital , gurugram",0,1,1
2021-04-24,"metro hospital, faridabad",125,7,132
2021-04-24,"ssb, faridabad",44,4,48
2021-04-24,"qrg medicare, faridabad",56,5,61
2021-04-24,"sarvoday sec 8, faridabad",10,2,12
2021-04-24,"park hospital, faridabad",23,5,28
2021-04-24,"escorts fortis, faridabad",13,5,18
2021-04-24,"supreme, faridabad",4,0,4
2021-04-24,"asian hospital, faridabad",9,1,10
2021-04-24,"alchemist hospital sector 21, panchkula",38,4,42
2021-04-24,"alchemist hospital sector 26, panchkula",32,9,41
2021-04-24,"paras hospital, panchkula",56,5,61
2021-04-24,"district civil hospital, panchkula",163,7,170
2021-04-24,"lnjp civil hospital, kurukshetra",62,0,62
2021-04-24,"shri balaji aarogyam hospital, kurukshetra",2,0,2
2021-04-24,"district civil hospital, palwal",5,0,5
2021-04-24,"district civil hospital, bhiwani",2,0,2
2021-04-24,"district civil hospital, hisar",10,4,14
2021-04-24,"district civil hospital, sonipat",1,0,1
2021-04-24,"employees' state insurance corporation (esic), yamunanagar",37,1,38
2021-04-24,"chc chachrauli, yamunanagar",20,0,20
2021-04-24,"santosh hospital, yamunanagar",16,0,16
2021-04-24,"gaba hospital, yamunanagar",17,1,18
2021-04-24,"heart care hospital, yamunanagar",12,0,12
2021-04-24,"jp hospital, yamunanagar",12,2,14
2021-04-24,"gulati hospital, yamunanagar",20,0,20
2021-04-24,"swami vivekanand hospital, yamunanagar",8,3,11
2021-04-24,"district civil hospital, ambala",40,6,46
2021-04-24,"sdh ambala, cantt",57,3,60
2021-04-24,"mission hospital, ambala",58,2,60
2021-04-24,"park healing touch, ambala",40,9,49
2021-04-24,"mehndiratta, ambala",11,1,12
2021-04-24,"rotary hospital, ambala",7,1,8
2021-04-24,"guardian hospital, ambala",9,0,9
2021-04-24,"district civil hospital, panipat",7,1,8
2021-04-24,civil hospital rewari,17,0,17
2021-04-24,"pushpanjali hospital, rewari",30,2,32
2021-04-24,virat hospital rewari,60,3,63
2021-04-24,cygnus hospital rewari,40,0,40
2021-04-24,yaduvanshi hospital rewari,10,0,10
2021-04-24,shanti yadav hospital rewari,10,0,10
2021-04-24,vedanta hospital rewari,23,0,23
2021-04-24,total,1769,226,1995
2021-04-25,pgims rohtak,82,0,82
2021-04-25,"bpsgmc, khanpur kalan, sonepat",52,40,92
2021-04-25,"shkmgmc, nalhar",35,11,46
2021-04-25,"kcgmc, karnal",105,15,120
2021-04-25,"mamc, agroha, hisar",99,15,114
2021-04-25,"esic medical college & hospital, nh-3, nit, faridabad",54,25,79
2021-04-25,"nc medical college, israna, panipat",9,0,9
2021-04-25,"adesh medical college & hospital, shahabad, kurukshetra.",14,0,14
2021-04-25,"al-falah medical college, faridabad",5,2,7
2021-04-25,"mm institute of medical sciences & research, mulana (deemed university)",38,15,53
2021-04-25,"sgt medical college & hospital & research institute, budhera, gurugram (deemed university)",38,4,42
2021-04-25,"world college of medical sciences, jhajjar",53,2,55
2021-04-25,"artemis hospital, gurugram",0,3,3
2021-04-25,fortis memorial research institute (fmri) gurugram,11,0,11
2021-04-25,"medanta the medicity , gurugram",0,1,1
2021-04-25,"naryana hospital , gurugram",0,1,1
2021-04-25,"metro hospital, faridabad",125,7,132
2021-04-25,"ssb, faridabad",46,4,50
2021-04-25,"qrg medicare, faridabad",75,6,81
2021-04-25,"sarvoday sec 8, faridabad",8,3,11
2021-04-25,"park hospital, faridabad",25,5,30
2021-04-25,"escorts fortis, faridabad",15,3,18
2021-04-25,"supreme, faridabad",4,0,4
2021-04-25,"asian hospital, faridabad",11,1,12
2021-04-25,"alchemist hospital sector 21, panchkula",19,1,20
2021-04-25,"alchemist hospital sector 26, panchkula",12,0,12
2021-04-25,"paras hospital, panchkula",37,0,37
2021-04-25,"district civil hospital, panchkula",164,1,165
2021-04-25,"employees' state insurance corporation (esic), yamunanagar",37,1,38
2021-04-25,"chc chachrauli, yamunanagar",20,0,20
2021-04-25,"district civil hospital, ambala",42,7,49
2021-04-25,"sdh ambala, cantt",52,0,52
2021-04-25,"mission hospital, ambala",58,2,60
2021-04-25,"park healing touch, ambala",40,10,50
2021-04-25,"mehndiratta, ambala",11,1,12
2021-04-25,"rotary hospital, ambala",7,1,8
2021-04-26,pgims rohtak,83,0,83
2021-04-26,"bpsgmc, khanpur kalan, sonepat",70,40,110
2021-04-26,"shkmgmc, nalhar",39,8,47
2021-04-26,"kcgmc, karnal",107,15,122
2021-04-26,"mamc, agroha, hisar",88,20,108
2021-04-26,"esic medical college & hospital, nh-3, nit, faridabad",64,5,69
2021-04-26,"nc medical college, israna, panipat",10,0,10
2021-04-26,"adesh medical college & hospital, shahabad, kurukshetra.",14,0,14
2021-04-26,"al-falah medical college, faridabad",5,2,7
2021-04-26,"mm institute of medical sciences & research, mulana (deemed university)",15,17,32
2021-04-26,"sgt medical college & hospital & research institute, budhera, gurugram (deemed university)",46,9,55
2021-04-26,"world college of medical sciences, jhajjar",50,1,51
2021-04-26,"artemis hospital, gurugram",0,4,4
2021-04-26,fortis memorial research institute (fmri) gurugram,15,1,16
2021-04-26,"naryana hospital , gurugram",0,1,1
2021-04-26,"metro hospital, faridabad",125,7,132
2021-04-26,"ssb, faridabad",46,4,50
2021-04-26,"qrg medicare, faridabad",75,6,81
2021-04-26,"sarvoday sec 8, faridabad",8,3,11
2021-04-26,"park hospital, faridabad",25,5,30
2021-04-26,"escorts fortis, faridabad",15,3,18
2021-04-26,"supreme, faridabad",4,0,4
2021-04-26,"asian hospital, faridabad",11,1,12
2021-04-26,"alchemist hospital sector 21, panchkula",26,1,27
2021-04-26,"alchemist hospital sector 26, panchkula",13,0,13
2021-04-26,"paras hospital, panchkula",37,0,37
2021-04-26,"district civil hospital, panchkula",163,1,164
2021-04-26,total,1154,154,1308
2021-04-27,pgims rohtak,65,23,88
2021-04-27,"bpsgmc, khanpur kalan, sonepat",55,50,105
2021-04-27,"shkmgmc, nalhar",40,9,49
2021-04-27,"kcgmc, karnal",129,15,144
2021-04-27,"mamc, agroha, hisar",110,18,128
2021-04-27,"esic medical college & hospital, nh-3, nit, faridabad",65,6,71
2021-04-27,"nc medical college, israna, panipat",10,0,10
2021-04-27,"adesh medical college & hospital, shahabad, kurukshetra.",16,0,16
2021-04-27,"al-falah medical college, faridabad",6,2,8
2021-04-27,"mm institute of medical sciences & research, mulana (deemed university)",58,20,78
2021-04-27,"sgt medical college & hospital & research institute, budhera, gurugram (deemed university)",45,10,55
2021-04-27,"world college of medical sciences, jhajjar",53,1,54
2021-04-27,total,652,154,806
2021-04-28,pgims rohtak,71,7,78
2021-04-28,"bpsgmc, khanpur kalan, sonepat",67,50,117
2021-04-28,"shkmgmc, nalhar",40,9,49
2021-04-28,"kcgmc, karnal",105,17,122
2021-04-28,"mamc, agroha, hisar",106,24,130
2021-04-28,"esic medical college & hospital, nh-3, nit, faridabad",25,23,48
2021-04-28,"nc medical college, israna, panipat",26,4,30
2021-04-28,"adesh medical college & hospital, shahabad, kurukshetra.",20,0,20
2021-04-28,"al-falah medical college, faridabad",8,2,10
2021-04-28,"mm institute of medical sciences & research, mulana (deemed university)",64,20,84
2021-04-28,"sgt medical college & hospital & research institute, budhera, gurugram (deemed university)",37,10,47
2021-04-28,"world college of medical sciences, jhajjar",69,1,70
2021-04-28,total,638,167,805
2021-04-29,pgims rohtak,256,38,294
2021-04-29,"bpsgmc, khanpur kalan, sonepat",124,50,174
2021-04-29,"shkmgmc, nalhar",41,7,48
2021-04-29,"kcgmc, karnal",149,14,163
2021-04-29,"mamc, agroha, hisar",120,24,144
2021-04-29,"esic medical college & hospital, nh-3, nit, faridabad",178,23,201
2021-04-29,"nc medical college, israna, panipat",29,4,33
2021-04-29,"adesh medical college & hospital, shahabad, kurukshetra.",25,8,33
2021-04-29,"al-falah medical college, faridabad",10,2,12
2021-04-29,"mm institute of medical sciences & research, mulana (deemed university)",69,20,89
2021-04-29,"sgt medical college & hospital & research institute, budhera, gurugram (deemed university)",0,9,9
2021-04-29,"world college of medical sciences, jhajjar",66,1,67
2021-04-29,total,1067,200,1267
2021-04-30,pgims rohtak,279,33,312
2021-04-30,"bpsgmc, khanpur kalan, sonepat",119,50,169
2021-04-30,"shkmgmc, nalhar",48,8,56
2021-04-30,"kcgmc, karnal",138,14,152
2021-04-30,"mamc, agroha, hisar",123,28,151
2021-04-30,"esic medical college & hospital, nh-3, nit, faridabad",180,30,210
2021-04-30,"nc medical college, israna, panipat",31,4,35
2021-04-30,"adesh medical college & hospital, shahabad, kurukshetra.",21,8,29
2021-04-30,"al-falah medical college, faridabad",3,2,5
2021-04-30,"mm institute of medical sciences & research, mulana (deemed university)",80,20,100
2021-04-30,"sgt medical college & hospital & research institute, budhera, gurugram (deemed university)",0,9,9
2021-04-30,"world college of medical sciences, jhajjar",60,1,61
2021-04-30,total,1082,207,1289
2021-05-02,pgims rohtak,289,35,324
2021-05-02,"bpsgmc, khanpur kalan, sonepat",130,50,180
2021-05-02,"shkmgmc, nalhar",114,2,116
2021-05-02,"kcgmc, karnal",190,20,210
2021-05-02,"mamc, agroha, hisar",91,34,125
2021-05-02,"esic medical college & hospital, nh-3, nit, faridabad",180,25,205
2021-05-02,"nc medical college, israna, panipat",75,4,79
2021-05-02,"adesh medical college & hospital, shahabad, kurukshetra",18,8,26
2021-05-02,"al-falah medical college, faridabad",4,0,4
2021-05-02,"mm institute of medical sciences & research, mulana (deemed university)",87,20,107
2021-05-02,"sgt medical college & hospital & research institute, budhera, gurugram (deemed university)",0,5,5
2021-05-02,"world college of medical sciences, jhajjar",60,0,60
2021-05-02,total,1238,203,1441
2021-05-03,pgims rohtak,294,39,333
2021-05-03,"bpsgmc, khanpur kalan, sonepat",138,50,188
2021-05-03,"shkmgmc, nalhar",120,4,124
2021-05-03,"kcgmc, karnal",180,20,200
2021-05-03,"mamc, agroha, hisar",98,44,142
2021-05-03,"esic medical college & hospital, nh-3, nit, faridabad",180,25,205
2021-05-03,"nc medical college, israna, panipat",26,4,30
2021-05-03,"adesh medical college & hospital, shahabad, kurukshetra",21,1,22
2021-05-03,"al-falah medical college, faridabad",6,0,6
2021-05-03,"mm institute of medical sciences & research, mulana (deemed university)",86,20,106
2021-05-03,"sgt medical college & hospital & research institute, budhera, gurugram (deemed university)",0,9,9
2021-05-03,"world college of medical sciences, jhajjar",60,0,60
2021-05-03,total,1209,216,1425
2021-05-04,pgims rohtak,288,49,337
2021-05-04,"bpsgmc, khanpur kalan, sonepat",134,50,184
2021-05-04,"shkmgmc, nalhar",120,4,124
2021-05-04,"kcgmc, karnal",162,20,182
2021-05-04,"mamc, agroha, hisar",99,47,146
2021-05-04,"esic medical college & hospital, nh-3, nit, faridabad",180,27,207
2021-05-04,"nc medical college, israna, panipat",26,4,30
2021-05-04,"adesh medical college & hospital, shahabad, kurukshetra",17,8,25
2021-05-04,"al-falah medical college, faridabad",11,2,13
2021-05-04,"mm institute of medical sciences & research, mulana (deemed university)",76,20,96
2021-05-04,"sgt medical college & hospital & research institute, budhera, gurugram (deemed university)",0,8,8
2021-05-04,"world college of medical sciences, jhajjar",65,1,66
2021-05-04,total,1178,240,1418
2021-05-05,pgims rohtak,285,39,324
2021-05-05,"bpsgmc, khanpur kalan, sonepat",146,44,190
2021-05-05,"shkmgmc, nalhar",114,15,129
2021-05-05,"kcgmc, karnal",150,20,170
2021-05-05,"mamc, agroha, hisar",97,42,139
2021-05-05,"esic medical college & hospital, nh-3, nit, faridabad",180,25,205
2021-05-05,"nc medical college, israna, panipat",71,4,75
2021-05-05,"adesh medical college & hospital, shahabad, kurukshetra",14,8,22
2021-05-05,"al-falah medical college, faridabad",16,2,18
2021-05-05,"mm institute of medical sciences & research, mulana (deemed university)",73,20,93
2021-05-05,"sgt medical college & hospital & research institute, budhera, gurugram (deemed university)",0,6,6
2021-05-05,"world college of medical sciences, jhajjar",68,4,72
2021-05-05,total,1214,229,1443
2021-05-06,pgims rohtak,302,37,339
2021-05-06,"bpsgmc, khanpur kalan, sonepat",132,41,173
2021-05-06,"shkmgmc, nalhar",110,18,128
2021-05-06,"kcgmc, karnal",150,25,175
2021-05-06,"mamc, agroha, hisar",97,46,143
2021-05-06,"esic medical college & hospital, nh-3, nit, faridabad",180,27,207
2021-05-06,"nc medical college, israna, panipat",82,4,86
2021-05-06,"adesh medical college & hospital, shahabad, kurukshetra",10,5,15
2021-05-06,"al-falah medical college, faridabad",17,2,19
2021-05-06,"mm institute of medical sciences & research, mulana (deemed university)",63,20,83
2021-05-06,"sgt medical college & hospital & research institute, budhera, gurugram (deemed university)",0,4,4
2021-05-06,"world college of medical sciences, jhajjar",67,4,71
2021-05-06,total,1210,233,1443
2021-05-07,pgims rohtak,302,47,349
2021-05-07,"bpsgmc, khanpur kalan, sonepat",149,46,195
2021-05-07,"shkmgmc, nalhar",104,21,125
2021-05-07,"kcgmc, karnal",159,24,183
2021-05-07,"mamc, agroha, hisar",105,46,151
2021-05-07,"esic medical college & hospital, nh-3, nit, faridabad",178,24,202
2021-05-07,"nc medical college, israna, panipat",49,4,53
2021-05-07,"adesh medical college & hospital, shahabad, kurukshetra",7,5,12
2021-05-07,"al-falah medical college, faridabad",17,2,19
2021-05-07,"mm institute of medical sciences & research, mulana (deemed university)",65,20,85
2021-05-07,"sgt medical college & hospital & research institute, budhera, gurugram (deemed university)",0,7,7
2021-05-07,"world college of medical sciences, jhajjar",65,4,69
2021-05-07,total,1200,250,1450
2021-05-08,pgims rohtak,296,44,340
2021-05-08,"bpsgmc, khanpur kalan, sonepat",171,45,216
2021-05-08,"shkmgmc, nalhar",108,19,127
2021-05-08,"kcgmc, karnal",158,23,181
2021-05-08,"mamc, agroha, hisar",107,52,159
2021-05-08,"esic medical college & hospital, nh-3, nit, faridabad",190,40,230
2021-05-08,"nc medical college, israna, panipat",46,4,50
2021-05-08,"adesh medical college & hospital, shahabad, kurukshetra",5,7,12
2021-05-08,"al-falah medical college, faridabad",20,2,22
2021-05-08,"mm institute of medical sciences & research, mulana (deemed university)",60,20,80
2021-05-08,"sgt medical college & hospital & research institute, budhera, gurugram (deemed university)",0,7,7
2021-05-08,"world college of medical sciences, jhajjar",62,4,66
2021-05-08,total,1223,267,1490
2021-05-10,pgims rohtak,290,48,338
2021-05-10,"bpsgmc, khanpur kalan, sonepat",179,44,223
2021-05-10,"shkmgmc, nalhar",108,26,134
2021-05-10,"kcgmc, karnal",154,22,176
2021-05-10,"mamc, agroha, hisar",138,48,186
2021-05-10,"esic medical college & hospital, nh-3, nit, faridabad",180,40,220
2021-05-10,"nc medical college, israna, panipat",51,4,55
2021-05-10,"adesh medical college & hospital, shahabad, kurukshetra",2,5,7
2021-05-10,"al-falah medical college, faridabad",20,2,22
2021-05-10,"mm institute of medical sciences & research, mulana (deemed university)",60,20,80
2021-05-10,"sgt medical college & hospital & research institute, budhera, gurugram (deemed university)",0,10,10
2021-05-10,"world college of medical sciences, jhajjar",60,4,64
2021-05-10,total,1242,273,1515
2021-05-11,pgims rohtak,282,44,326
2021-05-11,"bpsgmc, khanpur kalan, sonepat",198,43,241
2021-05-11,"shkmgmc, nalhar",103,26,129
2021-05-11,"kcgmc, karnal",146,28,174
2021-05-11,"mamc, agroha, hisar",137,49,186
2021-05-11,"esic medical college & hospital, nh-3, nit, faridabad",180,40,220
2021-05-11,"nc medical college, israna, panipat",51,4,55
2021-05-11,"adesh medical college & hospital, shahabad, kurukshetra",8,4,12
2021-05-11,"al-falah medical college, faridabad",19,2,21
2021-05-11,"mm institute of medical sciences & research, mulana (deemed university)",59,20,79
2021-05-11,"sgt medical college & hospital & research institute, budhera, gurugram (deemed university)",0,10,10
2021-05-11,"world college of medical sciences, jhajjar",55,3,58
2021-05-11,total,1238,273,1511
2021-05-12,pgims rohtak,282,49,331
2021-05-12,"bpsgmc, khanpur kalan, sonepat",212,44,256
2021-05-12,"shkmgmc, nalhar",105,22,127
2021-05-12,"kcgmc, karnal",145,27,172
2021-05-12,"mamc, agroha, hisar",128,54,182
2021-05-12,"esic medical college & hospital, nh-3, nit, faridabad",180,40,220
2021-05-12,"nc medical college, israna, panipat",51,1,52
2021-05-12,"adesh medical college & hospital, shahabad, kurukshetra",7,5,12
2021-05-12,"al-falah medical college, faridabad",20,2,22
2021-05-12,"mm institute of medical sciences & research, mulana (deemed university)",59,20,79
2021-05-12,"sgt medical college & hospital & research institute, budhera, gurugram (deemed university)",0,10,10
2021-05-12,"world college of medical sciences, jhajjar",53,2,55
2021-05-12,total,1242,276,1518
2021-05-13,pgims rohtak,268,52,320
2021-05-13,"bpsgmc, khanpur kalan, sonepat",219,42,261
2021-05-13,"shkmgmc, nalhar",109,21,130
2021-05-13,"kcgmc, karnal",153,28,181
2021-05-13,"mamc, agroha, hisar",120,52,172
2021-05-13,"esic medical college & hospital, nh-3, nit, faridabad",180,50,230
2021-05-13,"nc medical college, israna, panipat",44,1,45
2021-05-13,"adesh medical college & hospital, shahabad, kurukshetra",11,5,16
2021-05-13,"al-falah medical college, faridabad",21,2,23
2021-05-13,"mm institute of medical sciences & research, mulana (deemed university)",57,20,77
2021-05-13,"sgt medical college & hospital & research institute, budhera, gurugram (deemed university)",0,10,10
2021-05-13,"world college of medical sciences, jhajjar",42,1,43
2021-05-13,total,1224,284,1508
2021-05-14,pgims rohtak,266,52,318
2021-05-14,"bpsgmc, khanpur kalan, sonepat",214,50,264
2021-05-14,"shkmgmc, nalhar",95,29,124
2021-05-14,"kcgmc, karnal",153,27,180
2021-05-14,"mamc, agroha, hisar",115,60,175
2021-05-14,"esic medical college & hospital, nh-3, nit, faridabad",180,40,220
2021-05-14,"nc medical college, israna, panipat",39,0,39
2021-05-14,"adesh medical college & hospital, shahabad, kurukshetra",12,7,19
2021-05-14,"al-falah medical college, faridabad",18,2,20
2021-05-14,"mm institute of medical sciences & research, mulana (deemed university)",59,20,79
2021-05-14,"sgt medical college & hospital & research institute, budhera, gurugram (deemed university)",0,15,15
2021-05-14,"world college of medical sciences, jhajjar",45,0,45
2021-05-14,total,1196,302,1498
2021-05-16,pgims rohtak,259,52,311
2021-05-16,"bpsgmc, khanpur kalan, sonepat",194,50,244
2021-05-16,"shkmgmc, nalhar",98,20,118
2021-05-16,"kcgmc, karnal",166,35,201
2021-05-16,"mamc, agroha, hisar",116,56,172
2021-05-16,"esic medical college & hospital, nh-3, nit, faridabad",190,40,230
2021-05-16,"nc medical college, israna, panipat",32,3,35
2021-05-16,"adesh medical college & hospital, shahabad, kurukshetra",15,3,18
2021-05-16,"al-falah medical college, faridabad",17,2,19
2021-05-16,"mm institute of medical sciences & research, mulana (deemed university)",52,22,74
2021-05-16,"sgt medical college & hospital & research institute, budhera, gurugram (deemed university)",0,15,15
2021-05-16,"world college of medical sciences, jhajjar",42,1,43
2021-05-16,total,1181,299,1480
2021-05-17,pgims rohtak,255,50,305
2021-05-17,"bpsgmc, khanpur kalan, sonepat",204,50,254
2021-05-17,"shkmgmc, nalhar",97,21,118
2021-05-17,"kcgmc, karnal",164,30,194
2021-05-17,"mamc, agroha, hisar",127,54,181
2021-05-17,"esic medical college & hospital, nh-3, nit, faridabad",172,40,212
2021-05-17,"nc medical college, israna, panipat",39,3,42
2021-05-17,"adesh medical college & hospital, shahabad, kurukshetra",19,4,23
2021-05-17,"al-falah medical college, faridabad",16,2,18
2021-05-17,"mm institute of medical sciences & research, mulana (deemed university)",51,22,73
2021-05-17,"sgt medical college & hospital & research institute, budhera, gurugram (deemed university)",0,15,15
2021-05-17,"world college of medical sciences, jhajjar",43,0,43
2021-05-17,total,1187,291,1478
2021-05-18,pgims rohtak,235,56,291
2021-05-18,"bpsgmc, khanpur kalan, sonepat",191,50,241
2021-05-18,"shkmgmc, nalhar",88,19,107
2021-05-18,"kcgmc, karnal",174,36,210
2021-05-18,"mamc, agroha, hisar",128,61,189
2021-05-18,"esic medical college & hospital, nh-3, nit, faridabad",176,40,216
2021-05-18,"nc medical college, israna, panipat",35,3,38
2021-05-18,"adesh medical college & hospital, shahabad, kurukshetra",11,9,20
2021-05-18,"al-falah medical college, faridabad",16,2,18
2021-05-18,"mm institute of medical sciences & research, mulana (deemed university)",48,20,68
2021-05-18,"sgt medical college & hospital & research institute, budhera, gurugram (deemed university)",0,15,15
2021-05-18,"world college of medical sciences, jhajjar",40,1,41
2021-05-18,total,1142,312,1454
2021-05-19,pgims rohtak,210,54,264
2021-05-19,"bpsgmc, khanpur kalan, sonepat",175,48,223
2021-05-19,"shkmgmc, nalhar",87,19,106
2021-05-19,"kcgmc, karnal",174,34,208
2021-05-19,"mamc, agroha, hisar",129,53,182
2021-05-19,"esic medical college & hospital, nh-3, nit, faridabad",163,40,203
2021-05-19,"nc medical college, israna, panipat",29,3,32
2021-05-19,"adesh medical college & hospital, shahabad, kurukshetra",9,10,19
2021-05-19,"al-falah medical college, faridabad",16,2,18
2021-05-19,"mm institute of medical sciences & research, mulana (deemed university)",46,20,66
2021-05-19,"sgt medical college & hospital & research institute, budhera, gurugram (deemed university)",0,15,15
2021-05-19,"world college of medical sciences, jhajjar",43,2,45
2021-05-19,total,1081,300,1381
2021-05-21,pgims rohtak,206,53,259
2021-05-21,"bpsgmc, khanpur kalan, sonepat",148,41,189
2021-05-21,"shkmgmc, nalhar",68,25,93
2021-05-21,"kcgmc, karnal",177,38,215
2021-05-21,"mamc, agroha, hisar",121,55,176
2021-05-21,"esic medical college & hospital, nh-3, nit, faridabad",130,40,170
2021-05-21,"nc medical college, israna, panipat",19,1,20
2021-05-21,"adesh medical college & hospital, shahabad, kurukshetra",8,7,15
2021-05-21,"al-falah medical college, faridabad",13,2,15
2021-05-21,"mm institute of medical sciences & research, mulana (deemed university)",44,20,64
2021-05-21,"sgt medical college & hospital & research institute, budhera, gurugram (deemed university)",0,15,15
2021-05-21,"world college of medical sciences, jhajjar",32,11,43
2021-05-21,total,966,308,1274
2021-05-24,pgims rohtak,152,50,202
2021-05-24,"bpsgmc, khanpur kalan, sonepat",127,34,161
2021-05-24,"shkmgmc, nalhar",83,1,84
2021-05-24,"kcgmc, karnal",155,36,191
2021-05-24,"mamc, agroha, hisar",138,56,194
2021-05-24,"esic medical college & hospital, nh-3, nit, faridabad",105,40,145
2021-05-24,"nc medical college, israna, panipat",12,1,13
2021-05-24,"adesh medical college & hospital, shahabad, kurukshetra",4,8,12
2021-05-24,"al-falah medical college, faridabad",2,0,2
2021-05-24,"mm institute of medical sciences & research, mulana (deemed university)",38,20,58
2021-05-24,"sgt medical college & hospital & research institute, budhera, gurugram (deemed university)",0,15,15
2021-05-24,"world college of medical sciences, jhajjar",24,11,35
2021-05-24,total,840,272,1112
2021-05-25,pgims rohtak,122,55,177
2021-05-25,"bpsgmc, khanpur kalan, sonepat",119,35,154
2021-05-25,"shkmgmc, nalhar",78,13,91
2021-05-25,"kcgmc, karnal",136,40,176
2021-05-25,"mamc, agroha, hisar",135,55,190
2021-05-25,"esic medical college & hospital, nh-3, nit, faridabad",98,40,138
2021-05-25,"nc medical college, israna, panipat",11,0,11
2021-05-25,"adesh medical college & hospital, shahabad, kurukshetra",2,7,9
2021-05-25,"al-falah medical college, faridabad",1,0,1
2021-05-25,"mm institute of medical sciences & research, mulana (deemed university)",33,18,51
2021-05-25,"sgt medical college & hospital & research institute, budhera, gurugram (deemed university)",0,15,15
2021-05-25,"world college of medical sciences, jhajjar",14,10,24
2021-05-25,total,749,288,1037
2021-05-26,pgims rohtak,118,50,168
2021-05-26,"bpsgmc, khanpur kalan, sonepat",112,29,141
2021-05-26,"shkmgmc, nalhar",67,20,87
2021-05-26,"kcgmc, karnal",141,38,179
2021-05-26,"mamc, agroha, hisar",141,46,187
2021-05-26,"esic medical college & hospital, nh-3, nit, faridabad",94,40,134
2021-05-26,"nc medical college, israna, panipat",8,0,8
2021-05-26,"adesh medical college & hospital, shahabad, kurukshetra",2,5,7
2021-05-26,"al-falah medical college, faridabad",0,0,0
2021-05-26,"mm institute of medical sciences & research, mulana (deemed university)",30,18,48
2021-05-26,"sgt medical college & hospital & research institute, budhera, gurugram (deemed university)",0,15,15
2021-05-26,"world college of medical sciences, jhajjar",12,12,24
2021-05-26,total,725,273,998
2021-05-27,pgims rohtak,101,47,148
2021-05-27,"bpsgmc, khanpur kalan, sonepat",110,27,137
2021-05-27,"shkmgmc, nalhar",72,17,89
2021-05-27,"kcgmc, karnal",126,36,162
2021-05-27,"mamc, agroha, hisar",123,51,174
2021-05-27,"esic medical college & hospital, nh-3, nit, faridabad",82,40,122
2021-05-27,"nc medical college, israna, panipat",5,0,5
2021-05-27,"adesh medical college & hospital, shahabad, kurukshetra",2,6,8
2021-05-27,"al-falah medical college, faridabad",0,0,0
2021-05-27,"mm institute of medical sciences & research, mulana (deemed university)",28,17,45
2021-05-27,"sgt medical college & hospital & research institute, budhera, gurugram (deemed university)",0,15,15
2021-05-27,"world college of medical sciences, jhajjar",12,10,22
2021-05-27,total,661,266,927
